# CREATED BY GENE DIAGNOSTICS TOOL on Thu Aug 13 14:06:23 2020
# diag: spectra, run(s): 0016, time window: 0-348.31466(48 steps), species: protons
# original data path: /global/cscratch1/sd/stirkas/genecode/prob_impITG/
# normalization: L_ref=1.65m
#
# kxind = -1, z avg.
# sqrt(sum(<|phi/phi0|^2>)) = 0%
# sqrt(sum(<|n/n0|^2>)) = 0%
# sqrt(sum(<|Tpar/Tpar0|^2>)) = 0%
# sqrt(sum(<|Tperp/Tperp0|^2>)) = 0%
# sqrt(sum(<|qpar/qpar0|^2>)) = 0%
# sqrt(sum(<|qperp/qperp0|^2>)) = 0%
# sqrt(sum(<|upar/upar0|^2>)) = 0%
#  ky         phi         n           Tpar        Tperp       qpar        qperp       upar      
  0.0000E+00  1.9952E+03  7.1231E+01  7.1517E+01  1.6570E+01  6.6119E+01  6.3550E+01  4.2385E+01
  5.0000E-02  5.3583E+00  3.1982E+01  5.5342E+01  4.8605E+00  1.2553E+01  6.6838E+00  6.4268E+00
  1.0000E-01  6.0961E+00  2.4776E+01  4.3379E+01  3.6580E+00  1.1587E+01  6.3331E+00  5.9663E+00
  1.5000E-01  1.0229E+01  2.4818E+01  4.3974E+01  4.4476E+00  1.3482E+01  7.7029E+00  7.1372E+00
  2.0000E-01  1.1846E+01  2.3125E+01  3.9887E+01  4.2822E+00  1.3218E+01  7.4666E+00  6.8813E+00
  2.5000E-01  8.8489E+00  1.9453E+01  3.0633E+01  3.2620E+00  1.0280E+01  5.6545E+00  5.2542E+00
  3.0000E-01  7.4531E+00  1.7790E+01  2.6402E+01  2.7527E+00  8.8636E+00  4.8089E+00  4.4929E+00
  3.5000E-01  5.4181E+00  1.6032E+01  2.2260E+01  2.2424E+00  7.1576E+00  3.7913E+00  3.5843E+00
  4.0000E-01  4.0593E+00  1.4189E+01  1.9174E+01  1.9047E+00  6.0609E+00  3.1178E+00  3.0000E+00
  4.5000E-01  2.9951E+00  1.3016E+01  1.6918E+01  1.6519E+00  5.1486E+00  2.5727E+00  2.5314E+00
  5.0000E-01  2.4145E+00  1.1987E+01  1.5043E+01  1.4624E+00  4.5227E+00  2.2305E+00  2.2270E+00
  5.5000E-01  1.8795E+00  1.1307E+01  1.4148E+01  1.3291E+00  4.0764E+00  1.9464E+00  1.9889E+00
  6.0000E-01  1.5479E+00  1.0508E+01  1.2850E+01  1.2133E+00  3.7385E+00  1.7485E+00  1.8175E+00
  6.5000E-01  1.3004E+00  1.0042E+01  1.2077E+01  1.1312E+00  3.4521E+00  1.5656E+00  1.6620E+00
  7.0000E-01  1.0974E+00  9.3326E+00  1.1258E+01  1.0782E+00  3.2412E+00  1.4408E+00  1.5551E+00
  7.5000E-01  9.1178E-01  8.8630E+00  1.0476E+01  1.0176E+00  3.0211E+00  1.3191E+00  1.4522E+00


# kyind = -1,z avg.
# sqrt(sum(<|phi/phi0|^2>)) = 0%
# sqrt(sum(<|n/n0|^2>)) = 0%
# sqrt(sum(<|Tpar/Tpar0|^2>)) = 0%
# sqrt(sum(<|Tperp/Tperp0|^2>)) = 0%
# sqrt(sum(<|qpar/qpar0|^2>)) = 0%
# sqrt(sum(<|qperp/qperp0|^2>)) = 0%
# sqrt(sum(<|upar/upar0|^2>)) = 0%
#  kx         phi         n           Tpar        Tperp       qpar        qperp       upar      
  0.0000E+00  1.4517E+01  2.4864E+01  4.5641E+01  4.9241E+00  1.1189E+01  6.7372E+00  6.1794E+00
  5.2590E-02  9.4329E+02  3.3302E+01  5.0342E+01  6.4201E+00  2.9947E+01  2.8773E+01  1.9773E+01
  1.0518E-01  4.8161E+01  2.5268E+01  4.0963E+01  5.4904E+00  1.3349E+01  8.9290E+00  7.3799E+00
  1.5777E-01  2.0502E+01  2.2154E+01  3.4158E+01  4.5379E+00  1.1802E+01  7.3147E+00  6.2248E+00
  2.1036E-01  1.2707E+01  1.7761E+01  2.8214E+01  3.2158E+00  9.6819E+00  5.6604E+00  4.9789E+00
  2.6295E-01  7.9967E+00  1.5304E+01  2.3122E+01  2.5051E+00  7.6005E+00  4.4239E+00  3.9223E+00
  3.1554E-01  5.6622E+00  1.2859E+01  1.9420E+01  1.8925E+00  6.1985E+00  3.5194E+00  3.1602E+00
  3.6813E-01  3.9008E+00  1.0703E+01  1.6116E+01  1.5115E+00  5.2133E+00  2.8836E+00  2.6063E+00
  4.2072E-01  3.1372E+00  9.6112E+00  1.4445E+01  1.2392E+00  4.3503E+00  2.3864E+00  2.1763E+00
  4.7331E-01  2.5344E+00  8.4427E+00  1.2333E+01  1.0741E+00  3.8481E+00  2.0609E+00  1.8975E+00
  5.2590E-01  2.1142E+00  7.8516E+00  1.1088E+01  9.3618E-01  3.4672E+00  1.8440E+00  1.7072E+00
  5.7849E-01  1.7455E+00  7.0508E+00  9.7805E+00  8.2567E-01  3.0315E+00  1.5961E+00  1.4822E+00
  6.3108E-01  1.4143E+00  6.5728E+00  9.0997E+00  7.1229E-01  2.8732E+00  1.4923E+00  1.4017E+00
  6.8368E-01  1.1948E+00  6.1258E+00  8.2327E+00  6.6895E-01  2.5892E+00  1.3256E+00  1.2563E+00
  7.3627E-01  9.5829E-01  5.6670E+00  7.5258E+00  6.1559E-01  2.3910E+00  1.2093E+00  1.1522E+00
  7.8886E-01  8.4354E-01  5.2125E+00  7.0264E+00  5.5059E-01  2.2326E+00  1.1137E+00  1.0756E+00
  8.4145E-01  7.0217E-01  4.8256E+00  6.4704E+00  5.1576E-01  2.0481E+00  1.0110E+00  9.8651E-01
  8.9404E-01  6.1914E-01  4.5838E+00  6.0433E+00  4.8777E-01  1.9472E+00  9.4575E-01  9.3093E-01
  9.4663E-01  5.3818E-01  4.2931E+00  5.5498E+00  4.6142E-01  1.8120E+00  8.6004E-01  8.5754E-01
  9.9922E-01  4.5659E-01  4.0838E+00  5.2528E+00  4.3591E-01  1.6897E+00  7.9739E-01  8.0271E-01
  1.0518E+00  4.0229E-01  3.8008E+00  4.8271E+00  4.1526E-01  1.5361E+00  7.1361E-01  7.3303E-01
  1.1044E+00  3.5655E-01  3.6161E+00  4.5607E+00  4.0666E-01  1.4786E+00  6.7265E-01  6.9556E-01
  1.1570E+00  3.1438E-01  3.3925E+00  4.3013E+00  3.9068E-01  1.3638E+00  6.1507E-01  6.4445E-01
  1.2096E+00  2.6830E-01  3.2059E+00  4.0570E+00  3.7666E-01  1.2834E+00  5.6901E-01  6.0320E-01
  1.2622E+00  2.3967E-01  3.0551E+00  3.8250E+00  3.6109E-01  1.1731E+00  5.1263E-01  5.5419E-01
  1.3148E+00  2.0761E-01  2.8552E+00  3.5882E+00  3.4829E-01  1.1171E+00  4.8200E-01  5.2654E-01
  1.3674E+00  1.8427E-01  2.7435E+00  3.3833E+00  3.4338E-01  1.0431E+00  4.4289E-01  4.9326E-01
  1.4199E+00  1.6179E-01  2.5900E+00  3.1731E+00  3.3365E-01  9.8406E-01  4.1204E-01  4.6561E-01
  1.4725E+00  1.3805E-01  2.4190E+00  2.9309E+00  3.0895E-01  9.1214E-01  3.7422E-01  4.2877E-01
  1.5251E+00  1.2485E-01  2.3060E+00  2.7989E+00  3.0461E-01  8.6573E-01  3.4794E-01  4.0649E-01
  1.5777E+00  1.1115E-01  2.2536E+00  2.7261E+00  2.9467E-01  8.2064E-01  3.3067E-01  3.8969E-01
  1.6303E+00  9.5617E-02  2.1079E+00  2.5588E+00  2.8520E-01  7.5650E-01  2.9790E-01  3.5785E-01
  1.6829E+00  9.0251E-02  2.0471E+00  2.4531E+00  2.8283E-01  7.4429E-01  2.8558E-01  3.5035E-01
  1.7355E+00  7.6623E-02  1.9100E+00  2.3011E+00  2.7286E-01  7.0736E-01  2.6695E-01  3.3229E-01
  1.7881E+00  6.9264E-02  1.8333E+00  2.2321E+00  2.6579E-01  6.6219E-01  2.4594E-01  3.1396E-01
  1.8407E+00  5.9994E-02  1.7430E+00  2.0824E+00  2.5658E-01  6.2548E-01  2.2823E-01  2.9589E-01
  1.8933E+00  5.5272E-02  1.6877E+00  1.9869E+00  2.4746E-01  5.9236E-01  2.1101E-01  2.7887E-01
  1.9458E+00  4.9557E-02  1.6165E+00  1.9174E+00  2.4835E-01  5.6865E-01  1.9965E-01  2.6996E-01
  1.9984E+00  4.6185E-02  1.5387E+00  1.8297E+00  2.3763E-01  5.4313E-01  1.8671E-01  2.5796E-01
  2.0510E+00  4.1005E-02  1.4860E+00  1.7743E+00  2.3496E-01  5.1233E-01  1.7306E-01  2.4233E-01
  2.1036E+00  3.7350E-02  1.4347E+00  1.6636E+00  2.2508E-01  4.9671E-01  1.6241E-01  2.3463E-01
  2.1562E+00  3.2646E-02  1.3846E+00  1.6275E+00  2.2383E-01  4.6742E-01  1.5147E-01  2.2275E-01
  2.2088E+00  3.0022E-02  1.3615E+00  1.5866E+00  2.2374E-01  4.5403E-01  1.4452E-01  2.1775E-01
  2.2614E+00  2.8843E-02  1.3130E+00  1.5315E+00  2.2342E-01  4.3455E-01  1.3484E-01  2.0617E-01
  2.3140E+00  2.6171E-02  1.2862E+00  1.5131E+00  2.2037E-01  4.2772E-01  1.2906E-01  2.0368E-01
  2.3666E+00  2.4091E-02  1.2560E+00  1.4621E+00  2.2665E-01  4.1532E-01  1.2249E-01  1.9713E-01
  2.4192E+00  2.2751E-02  1.2479E+00  1.4404E+00  2.2729E-01  4.0563E-01  1.1688E-01  1.9278E-01
  2.4717E+00  2.1468E-02  1.2399E+00  1.4464E+00  2.3406E-01  4.0472E-01  1.1294E-01  1.9211E-01
