# CREATED BY GENE DIAGNOSTICS TOOL on Mon Jun 29 12:38:15 2020
# diag: nrgsummary, run(s): 0017, time window: 0-168.31724(1 steps), species: tungsten
# original data path: /global/cscratch1/sd/stirkas/genecode/prob_impITG/
# normalization: L_ref=1.65m
#
#  t          G_tot       Q_tot       P_tot     
  0.0000E+00  0.0000E+00  0.0000E+00  0.0000E+00
  2.4772E-01  1.0449E-05 -2.1195E-06 -3.7057E-05
  4.9545E-01  1.2515E-05 -4.1269E-06 -2.3762E-04
  7.4317E-01  7.0827E-06 -6.2583E-06 -5.2245E-04
  9.9089E-01 -6.5464E-06 -9.3290E-06 -7.4151E-04
  1.2386E+00 -2.2332E-05 -1.2687E-05 -8.5347E-04
  1.4863E+00 -3.8230E-05 -1.5878E-05 -8.7132E-04
  1.7341E+00 -5.0873E-05 -1.8338E-05 -8.3483E-04
  1.9818E+00 -5.5976E-05 -1.9507E-05 -7.7503E-04
  2.2295E+00 -5.2658E-05 -1.9307E-05 -6.8408E-04
  2.4772E+00 -4.4765E-05 -1.8293E-05 -5.2441E-04
  2.7249E+00 -3.9595E-05 -1.7548E-05 -2.6485E-04
  2.9727E+00 -4.3586E-05 -1.8106E-05  8.9146E-05
  3.2204E+00 -5.7452E-05 -2.0169E-05  5.0149E-04
  3.4681E+00 -7.5856E-05 -2.2995E-05  9.2046E-04
  3.7158E+00 -9.1579E-05 -2.5527E-05  1.2822E-03
  3.9636E+00 -1.0091E-04 -2.7240E-05  1.5273E-03
  4.2113E+00 -1.0598E-04 -2.8507E-05  1.6384E-03
  4.4590E+00 -1.1045E-04 -2.9912E-05  1.6525E-03
  4.7067E+00 -1.1602E-04 -3.1669E-05  1.6322E-03
  4.9544E+00 -1.2323E-04 -3.3771E-05  1.6307E-03
  5.2022E+00 -1.3356E-04 -3.6364E-05  1.6763E-03
  5.4499E+00 -1.4977E-04 -3.9850E-05  1.7678E-03
  5.6976E+00 -1.7477E-04 -4.4683E-05  1.8732E-03
  5.9453E+00 -2.1089E-04 -5.1231E-05  1.9471E-03
  6.1931E+00 -2.5970E-04 -5.9743E-05  1.9628E-03
  6.4408E+00 -3.2141E-04 -7.0298E-05  1.9303E-03
  6.6885E+00 -3.9509E-04 -8.2813E-05  1.8944E-03
  6.9362E+00 -4.7917E-04 -9.7081E-05  1.9247E-03
  7.1839E+00 -5.7123E-04 -1.1274E-04  2.0932E-03
  7.4317E+00 -6.6868E-04 -1.2942E-04  2.4466E-03
  7.6794E+00 -7.7028E-04 -1.4697E-04  2.9868E-03
  7.9271E+00 -8.7730E-04 -1.6561E-04  3.6716E-03
  8.1748E+00 -9.9280E-04 -1.8582E-04  4.4218E-03
  8.4226E+00 -1.1189E-03 -2.0784E-04  5.1448E-03
  8.6703E+00 -1.2562E-03 -2.3177E-04  5.7737E-03
  8.9180E+00 -1.4056E-03 -2.5779E-04  6.2892E-03
  9.1657E+00 -1.5670E-03 -2.8596E-04  6.7144E-03
  9.4134E+00 -1.7373E-03 -3.1585E-04  7.0955E-03
  9.6612E+00 -1.9133E-03 -3.4691E-04  7.4850E-03
  9.9089E+00 -2.0951E-03 -3.7911E-04  7.9285E-03
  1.0157E+01 -2.2865E-03 -4.1308E-04  8.4278E-03
  1.0404E+01 -2.4944E-03 -4.4990E-04  8.9316E-03
  1.0652E+01 -2.7254E-03 -4.9062E-04  9.3684E-03
  1.0900E+01 -2.9799E-03 -5.3537E-04  9.6704E-03
  1.1148E+01 -3.2589E-03 -5.8425E-04  9.8111E-03
  1.1395E+01 -3.5620E-03 -6.3732E-04  9.8104E-03
  1.1643E+01 -3.8868E-03 -6.9413E-04  9.7164E-03
  1.1889E+01 -4.2267E-03 -7.5360E-04  9.5857E-03
  1.2125E+01 -4.5637E-03 -8.1257E-04  9.4659E-03
  1.2360E+01 -4.9180E-03 -8.7439E-04  9.3803E-03
  1.2595E+01 -5.3010E-03 -9.4076E-04  9.2892E-03
  1.2831E+01 -5.7237E-03 -1.0134E-03  9.0620E-03
  1.3066E+01 -6.1954E-03 -1.0939E-03  8.5437E-03
  1.3301E+01 -6.7242E-03 -1.1835E-03  7.5970E-03
  1.3533E+01 -7.3077E-03 -1.2818E-03  6.1795E-03
  1.3756E+01 -7.9332E-03 -1.3868E-03  4.3840E-03
  1.3980E+01 -8.6260E-03 -1.5026E-03  2.3072E-03
  1.4199E+01 -9.3759E-03 -1.6279E-03  2.0175E-04
  1.4411E+01 -1.0162E-02 -1.7595E-03 -1.7009E-03
  1.4623E+01 -1.1011E-02 -1.9018E-03 -3.3959E-03
  1.4835E+01 -1.1921E-02 -2.0549E-03 -4.9014E-03
  1.5046E+01 -1.2894E-02 -2.2189E-03 -6.3222E-03
  1.5258E+01 -1.3930E-02 -2.3932E-03 -7.8376E-03
  1.5470E+01 -1.5031E-02 -2.5783E-03 -9.6077E-03
  1.5671E+01 -1.6143E-02 -2.7645E-03 -1.1588E-02
  1.5872E+01 -1.7328E-02 -2.9623E-03 -1.3809E-02
  1.6073E+01 -1.8598E-02 -3.1736E-03 -1.6232E-02
  1.6274E+01 -1.9961E-02 -3.3994E-03 -1.8778E-02
  1.6475E+01 -2.1408E-02 -3.6375E-03 -2.1317E-02
  1.6676E+01 -2.2921E-02 -3.8849E-03 -2.3839E-02
  1.6877E+01 -2.4484E-02 -4.1397E-03 -2.6449E-02
  1.7069E+01 -2.6012E-02 -4.3890E-03 -2.9065E-02
  1.7260E+01 -2.7567E-02 -4.6432E-03 -3.1612E-02
  1.7451E+01 -2.9146E-02 -4.9012E-03 -3.3925E-02
  1.7642E+01 -3.0723E-02 -5.1590E-03 -3.5973E-02
  1.7832E+01 -3.2297E-02 -5.4166E-03 -3.7886E-02
  1.8023E+01 -3.3856E-02 -5.6726E-03 -3.9871E-02
  1.8214E+01 -3.5378E-02 -5.9243E-03 -4.2024E-02
  1.8405E+01 -3.6878E-02 -6.1728E-03 -4.4698E-02
  1.8596E+01 -3.8394E-02 -6.4227E-03 -4.8402E-02
  1.8787E+01 -3.9911E-02 -6.6732E-03 -5.3230E-02
  1.8978E+01 -4.1387E-02 -6.9202E-03 -5.8612E-02
  1.9168E+01 -4.2823E-02 -7.1629E-03 -6.4075E-02
  1.9359E+01 -4.4219E-02 -7.4000E-03 -6.9639E-02
  1.9548E+01 -4.5598E-02 -7.6307E-03 -7.5461E-02
  1.9729E+01 -4.7025E-02 -7.8608E-03 -8.1105E-02
  1.9910E+01 -4.8561E-02 -8.1017E-03 -8.5996E-02
  2.0092E+01 -5.0077E-02 -8.3374E-03 -8.9819E-02
  2.0270E+01 -5.1542E-02 -8.5642E-03 -9.2744E-02
  2.0442E+01 -5.2997E-02 -8.7850E-03 -9.4830E-02
  2.0609E+01 -5.4387E-02 -8.9876E-03 -9.6684E-02
  2.0773E+01 -5.5539E-02 -9.1457E-03 -9.8486E-02
  2.0936E+01 -5.6315E-02 -9.2432E-03 -9.8988E-02
  2.1099E+01 -5.6634E-02 -9.2718E-03 -9.7064E-02
  2.1262E+01 -5.6463E-02 -9.2283E-03 -9.2755E-02
  2.1425E+01 -5.5680E-02 -9.0953E-03 -8.7004E-02
  2.1589E+01 -5.4397E-02 -8.8878E-03 -8.1826E-02
  2.1752E+01 -5.3200E-02 -8.6880E-03 -7.8851E-02
  2.1915E+01 -5.2192E-02 -8.5148E-03 -7.7548E-02
  2.2078E+01 -5.0849E-02 -8.3003E-03 -7.6454E-02
  2.2242E+01 -4.8844E-02 -8.0036E-03 -7.5631E-02
  2.2405E+01 -4.6253E-02 -7.6302E-03 -7.6758E-02
  2.2568E+01 -4.3302E-02 -7.2038E-03 -8.1450E-02
  2.2731E+01 -4.0512E-02 -6.7997E-03 -8.8430E-02
  2.2895E+01 -3.8050E-02 -6.4467E-03 -9.5823E-02
  2.3058E+01 -3.6140E-02 -6.1753E-03 -1.0164E-01
  2.3221E+01 -3.5081E-02 -6.0262E-03 -1.0357E-01
  2.3384E+01 -3.5173E-02 -6.0398E-03 -1.0086E-01
  2.3547E+01 -3.6815E-02 -6.2662E-03 -9.5041E-02
  2.3711E+01 -3.9462E-02 -6.6231E-03 -8.6872E-02
  2.3874E+01 -4.1750E-02 -6.9227E-03 -7.5417E-02
  2.4037E+01 -4.2782E-02 -7.0423E-03 -6.1513E-02
  2.4200E+01 -4.2463E-02 -6.9670E-03 -5.0343E-02
  2.4364E+01 -4.1355E-02 -6.7778E-03 -4.6407E-02
  2.4527E+01 -4.0573E-02 -6.6424E-03 -4.9274E-02
  2.4690E+01 -4.1158E-02 -6.7134E-03 -5.4298E-02
  2.4853E+01 -4.3010E-02 -6.9780E-03 -5.7435E-02
  2.5017E+01 -4.4738E-02 -7.2305E-03 -5.6423E-02
  2.5180E+01 -4.5383E-02 -7.3242E-03 -5.1513E-02
  2.5343E+01 -4.5123E-02 -7.2889E-03 -4.5566E-02
  2.5509E+01 -4.4161E-02 -7.1588E-03 -4.2839E-02
  2.5680E+01 -4.2129E-02 -6.8800E-03 -4.4222E-02
  2.5852E+01 -3.9258E-02 -6.4823E-03 -4.5772E-02
  2.6023E+01 -3.6737E-02 -6.1391E-03 -4.6917E-02
  2.6194E+01 -3.5417E-02 -5.9696E-03 -4.7668E-02
  2.6366E+01 -3.5072E-02 -5.9273E-03 -4.7941E-02
  2.6537E+01 -3.5518E-02 -5.9895E-03 -4.9024E-02
  2.6708E+01 -3.6610E-02 -6.1506E-03 -5.1100E-02
  2.6880E+01 -3.7940E-02 -6.3604E-03 -5.2480E-02
  2.7051E+01 -3.9094E-02 -6.5530E-03 -5.2744E-02
  2.7223E+01 -3.9996E-02 -6.6981E-03 -5.2462E-02
  2.7397E+01 -4.0756E-02 -6.8219E-03 -5.0168E-02
  2.7577E+01 -4.2126E-02 -7.0432E-03 -4.5962E-02
  2.7757E+01 -4.4539E-02 -7.4172E-03 -4.2755E-02
  2.7937E+01 -4.7048E-02 -7.8027E-03 -3.9482E-02
  2.8116E+01 -4.9598E-02 -8.1811E-03 -3.5305E-02
  2.8296E+01 -5.1904E-02 -8.5165E-03 -3.2542E-02
  2.8476E+01 -5.2450E-02 -8.6015E-03 -3.1901E-02
  2.8656E+01 -5.0693E-02 -8.3556E-03 -3.2129E-02
  2.8836E+01 -4.7927E-02 -7.9500E-03 -2.9906E-02
  2.9016E+01 -4.5628E-02 -7.6012E-03 -2.6807E-02
  2.9196E+01 -4.3804E-02 -7.3452E-03 -2.8789E-02
  2.9376E+01 -4.2477E-02 -7.1907E-03 -3.6291E-02
  2.9556E+01 -4.1759E-02 -7.1197E-03 -4.6947E-02
  2.9736E+01 -4.1513E-02 -7.1082E-03 -5.9755E-02
  2.9916E+01 -4.2454E-02 -7.2642E-03 -6.9997E-02
  3.0100E+01 -4.4817E-02 -7.6108E-03 -7.5586E-02
  3.0289E+01 -4.7884E-02 -8.0586E-03 -7.9146E-02
  3.0478E+01 -5.0245E-02 -8.4203E-03 -8.1628E-02
  3.0667E+01 -5.0023E-02 -8.4158E-03 -8.3159E-02
  3.0856E+01 -4.7467E-02 -8.0563E-03 -8.1356E-02
  3.1045E+01 -4.4812E-02 -7.6538E-03 -7.8961E-02
  3.1233E+01 -4.3770E-02 -7.4811E-03 -7.8793E-02
  3.1422E+01 -4.4639E-02 -7.5987E-03 -8.3016E-02
  3.1611E+01 -4.6431E-02 -7.8518E-03 -8.8935E-02
  3.1800E+01 -4.8638E-02 -8.1575E-03 -9.0238E-02
  3.1989E+01 -5.0502E-02 -8.4217E-03 -8.1226E-02
  3.2178E+01 -5.1639E-02 -8.5895E-03 -6.3815E-02
  3.2367E+01 -5.1736E-02 -8.6106E-03 -4.4557E-02
  3.2556E+01 -5.1407E-02 -8.5536E-03 -2.8157E-02
  3.2745E+01 -5.1654E-02 -8.5795E-03 -1.5852E-02
  3.2934E+01 -5.2426E-02 -8.6955E-03 -1.0123E-02
  3.3123E+01 -5.3370E-02 -8.8506E-03 -4.9604E-03
  3.3312E+01 -5.5047E-02 -9.1247E-03  4.9023E-03
  3.3501E+01 -5.7619E-02 -9.5338E-03  1.8488E-02
  3.3690E+01 -5.9843E-02 -9.8929E-03  2.6674E-02
  3.3879E+01 -6.0177E-02 -9.9769E-03  2.5062E-02
  3.4068E+01 -5.8926E-02 -9.8277E-03  2.1712E-02
  3.4257E+01 -5.7276E-02 -9.6146E-03  2.4241E-02
  3.4446E+01 -5.5784E-02 -9.4233E-03  2.6211E-02
  3.4635E+01 -5.5600E-02 -9.4083E-03  2.5149E-02
  3.4824E+01 -5.7717E-02 -9.7126E-03  2.2356E-02
  3.5013E+01 -6.1555E-02 -1.0254E-02  1.5751E-02
  3.5202E+01 -6.5041E-02 -1.0745E-02  5.3303E-03
  3.5391E+01 -6.6372E-02 -1.0935E-02 -7.0851E-03
  3.5580E+01 -6.6071E-02 -1.0898E-02 -1.8966E-02
  3.5769E+01 -6.5223E-02 -1.0795E-02 -2.5566E-02
  3.5958E+01 -6.3531E-02 -1.0572E-02 -2.4073E-02
  3.6146E+01 -6.1892E-02 -1.0332E-02 -1.8498E-02
  3.6335E+01 -6.1712E-02 -1.0285E-02 -4.6160E-03
  3.6524E+01 -6.2200E-02 -1.0344E-02  1.4127E-02
  3.6713E+01 -6.2511E-02 -1.0410E-02  3.0006E-02
  3.6902E+01 -6.2785E-02 -1.0469E-02  4.0664E-02
  3.7091E+01 -6.3135E-02 -1.0512E-02  4.6668E-02
  3.7280E+01 -6.3035E-02 -1.0474E-02  5.0553E-02
  3.7469E+01 -6.2829E-02 -1.0419E-02  5.4539E-02
  3.7658E+01 -6.4504E-02 -1.0632E-02  5.9896E-02
  3.7847E+01 -6.6889E-02 -1.0945E-02  6.3455E-02
  3.8036E+01 -6.7666E-02 -1.1014E-02  6.0959E-02
  3.8225E+01 -6.6299E-02 -1.0797E-02  5.6586E-02
  3.8414E+01 -6.4428E-02 -1.0528E-02  5.3126E-02
  3.8603E+01 -6.3654E-02 -1.0417E-02  4.9939E-02
  3.8792E+01 -6.4078E-02 -1.0479E-02  5.0299E-02
  3.8981E+01 -6.5224E-02 -1.0642E-02  4.9468E-02
  3.9170E+01 -6.5925E-02 -1.0754E-02  4.7491E-02
  3.9359E+01 -6.6826E-02 -1.0899E-02  4.7320E-02
  3.9548E+01 -6.8228E-02 -1.1108E-02  4.6883E-02
  3.9737E+01 -6.9587E-02 -1.1302E-02  4.4779E-02
  3.9926E+01 -7.0162E-02 -1.1369E-02  3.7880E-02
  4.0115E+01 -6.9943E-02 -1.1325E-02  3.1340E-02
  4.0304E+01 -6.9706E-02 -1.1284E-02  2.9646E-02
  4.0493E+01 -6.9728E-02 -1.1283E-02  2.9068E-02
  4.0682E+01 -6.8827E-02 -1.1161E-02  2.4221E-02
  4.0871E+01 -6.6724E-02 -1.0866E-02  1.1988E-02
  4.1059E+01 -6.4785E-02 -1.0594E-02 -3.5430E-03
  4.1246E+01 -6.4095E-02 -1.0498E-02 -1.4135E-02
  4.1425E+01 -6.3266E-02 -1.0385E-02 -1.7361E-02
  4.1604E+01 -6.1553E-02 -1.0161E-02 -1.5486E-02
  4.1784E+01 -6.0297E-02 -1.0005E-02 -1.1553E-02
  4.1963E+01 -6.0626E-02 -1.0066E-02 -3.9755E-03
  4.2142E+01 -6.1780E-02 -1.0237E-02  4.4716E-03
  4.2322E+01 -6.2430E-02 -1.0331E-02  9.2331E-03
  4.2501E+01 -6.2265E-02 -1.0316E-02  1.3666E-02
  4.2680E+01 -6.1582E-02 -1.0232E-02  2.2142E-02
  4.2860E+01 -6.0958E-02 -1.0143E-02  3.3360E-02
  4.3039E+01 -6.0452E-02 -1.0054E-02  4.2167E-02
  4.3218E+01 -5.9646E-02 -9.9151E-03  4.7988E-02
  4.3398E+01 -5.8327E-02 -9.7040E-03  5.2219E-02
  4.3580E+01 -5.6805E-02 -9.4659E-03  5.4983E-02
  4.3768E+01 -5.6631E-02 -9.4252E-03  5.8631E-02
  4.3956E+01 -5.8068E-02 -9.6365E-03  6.3907E-02
  4.4145E+01 -5.9892E-02 -9.9293E-03  7.0466E-02
  4.4333E+01 -6.0702E-02 -1.0083E-02  8.1639E-02
  4.4521E+01 -6.0563E-02 -1.0081E-02  9.2388E-02
  4.4710E+01 -6.1007E-02 -1.0162E-02  9.9408E-02
  4.4898E+01 -6.2029E-02 -1.0326E-02  1.0694E-01
  4.5086E+01 -6.3488E-02 -1.0543E-02  1.1300E-01
  4.5275E+01 -6.4933E-02 -1.0755E-02  1.1439E-01
  4.5463E+01 -6.6319E-02 -1.0968E-02  1.1285E-01
  4.5651E+01 -6.7774E-02 -1.1192E-02  1.0919E-01
  4.5840E+01 -6.8444E-02 -1.1303E-02  1.0683E-01
  4.6028E+01 -6.7934E-02 -1.1227E-02  1.0647E-01
  4.6216E+01 -6.7681E-02 -1.1179E-02  1.0723E-01
  4.6405E+01 -6.8875E-02 -1.1357E-02  1.0921E-01
  4.6593E+01 -7.0899E-02 -1.1673E-02  1.1318E-01
  4.6781E+01 -7.1606E-02 -1.1789E-02  1.1941E-01
  4.6970E+01 -7.1144E-02 -1.1715E-02  1.2654E-01
  4.7158E+01 -7.0421E-02 -1.1616E-02  1.3495E-01
  4.7346E+01 -6.9569E-02 -1.1516E-02  1.4045E-01
  4.7535E+01 -6.7587E-02 -1.1241E-02  1.3662E-01
  4.7723E+01 -6.4411E-02 -1.0778E-02  1.2015E-01
  4.7911E+01 -6.0612E-02 -1.0223E-02  9.5388E-02
  4.8100E+01 -5.6728E-02 -9.6516E-03  7.0880E-02
  4.8288E+01 -5.3437E-02 -9.1504E-03  5.0612E-02
  4.8476E+01 -5.0790E-02 -8.7249E-03  3.1863E-02
  4.8664E+01 -4.9575E-02 -8.5007E-03  1.5113E-02
  4.8853E+01 -4.9673E-02 -8.4927E-03  8.2322E-03
  4.9041E+01 -4.9894E-02 -8.5409E-03  1.3955E-02
  4.9229E+01 -4.9792E-02 -8.5499E-03  2.4721E-02
  4.9418E+01 -5.0047E-02 -8.5940E-03  3.3440E-02
  4.9606E+01 -5.1026E-02 -8.7197E-03  4.0408E-02
  4.9794E+01 -5.1558E-02 -8.7700E-03  4.9663E-02
  4.9983E+01 -5.1052E-02 -8.6772E-03  5.8039E-02
  5.0171E+01 -4.9248E-02 -8.4009E-03  5.8961E-02
  5.0359E+01 -4.6510E-02 -7.9932E-03  4.7165E-02
  5.0548E+01 -4.4714E-02 -7.7378E-03  2.7124E-02
  5.0736E+01 -4.5550E-02 -7.8727E-03  7.4478E-03
  5.0924E+01 -4.8350E-02 -8.2921E-03 -6.8440E-03
  5.1113E+01 -5.0373E-02 -8.6100E-03 -1.3352E-02
  5.1301E+01 -5.2323E-02 -8.9386E-03 -9.9102E-03
  5.1489E+01 -5.4718E-02 -9.3225E-03  1.3753E-03
  5.1678E+01 -5.6567E-02 -9.5904E-03  9.1522E-03
  5.1866E+01 -5.8128E-02 -9.7963E-03  6.3108E-03
  5.2054E+01 -6.0169E-02 -1.0070E-02 -5.2968E-03
  5.2243E+01 -6.2022E-02 -1.0323E-02 -1.6731E-02
  5.2431E+01 -6.2962E-02 -1.0449E-02 -2.7591E-02
  5.2619E+01 -6.2220E-02 -1.0350E-02 -3.7757E-02
  5.2807E+01 -5.9762E-02 -1.0011E-02 -4.5617E-02
  5.2996E+01 -5.7813E-02 -9.7252E-03 -5.0852E-02
  5.3184E+01 -5.8065E-02 -9.7361E-03 -5.8770E-02
  5.3372E+01 -6.0937E-02 -1.0100E-02 -6.4619E-02
  5.3561E+01 -6.4665E-02 -1.0590E-02 -6.5512E-02
  5.3749E+01 -6.6244E-02 -1.0815E-02 -6.6376E-02
  5.3937E+01 -6.5437E-02 -1.0731E-02 -7.2132E-02
  5.4126E+01 -6.4564E-02 -1.0642E-02 -8.2162E-02
  5.4314E+01 -6.5288E-02 -1.0783E-02 -9.1912E-02
  5.4502E+01 -6.7007E-02 -1.1055E-02 -9.8135E-02
  5.4691E+01 -6.8713E-02 -1.1325E-02 -1.0301E-01
  5.4879E+01 -6.9865E-02 -1.1509E-02 -1.0696E-01
  5.5067E+01 -7.0646E-02 -1.1631E-02 -1.0629E-01
  5.5256E+01 -7.0281E-02 -1.1590E-02 -1.0360E-01
  5.5444E+01 -6.8391E-02 -1.1322E-02 -9.8886E-02
  5.5632E+01 -6.5904E-02 -1.0970E-02 -8.7959E-02
  5.5821E+01 -6.3496E-02 -1.0617E-02 -7.4288E-02
  5.6009E+01 -6.1407E-02 -1.0295E-02 -6.1399E-02
  5.6197E+01 -5.9315E-02 -9.9920E-03 -4.3619E-02
  5.6386E+01 -5.6808E-02 -9.6452E-03 -2.1611E-02
  5.6574E+01 -5.4450E-02 -9.3236E-03 -2.7401E-03
  5.6762E+01 -5.2964E-02 -9.1317E-03  9.0897E-03
  5.6951E+01 -5.2003E-02 -9.0256E-03  1.9558E-02
  5.7139E+01 -5.1078E-02 -8.9277E-03  2.7515E-02
  5.7327E+01 -5.0019E-02 -8.7887E-03  3.1709E-02
  5.7515E+01 -4.9526E-02 -8.7110E-03  3.5581E-02
  5.7704E+01 -5.1492E-02 -8.9818E-03  4.4534E-02
  5.7892E+01 -5.5226E-02 -9.5095E-03  5.6701E-02
  5.8072E+01 -5.8820E-02 -1.0023E-02  6.7106E-02
  5.8251E+01 -6.2965E-02 -1.0628E-02  7.3966E-02
  5.8429E+01 -6.6141E-02 -1.1124E-02  7.8200E-02
  5.8607E+01 -6.7000E-02 -1.1307E-02  7.9939E-02
  5.8786E+01 -6.7097E-02 -1.1356E-02  7.8360E-02
  5.8964E+01 -6.8217E-02 -1.1517E-02  7.1884E-02
  5.9142E+01 -6.9855E-02 -1.1740E-02  6.2749E-02
  5.9321E+01 -7.1049E-02 -1.1883E-02  5.2591E-02
  5.9499E+01 -7.1539E-02 -1.1906E-02  4.4693E-02
  5.9677E+01 -7.1131E-02 -1.1790E-02  4.2108E-02
  5.9856E+01 -6.9099E-02 -1.1459E-02  5.0699E-02
  6.0034E+01 -6.5838E-02 -1.0971E-02  6.4942E-02
  6.0212E+01 -6.3030E-02 -1.0564E-02  7.4029E-02
  6.0391E+01 -6.1980E-02 -1.0418E-02  7.7016E-02
  6.0569E+01 -6.1818E-02 -1.0426E-02  7.7899E-02
  6.0747E+01 -6.1508E-02 -1.0419E-02  7.8643E-02
  6.0925E+01 -6.1320E-02 -1.0409E-02  7.9389E-02
  6.1104E+01 -6.2026E-02 -1.0508E-02  7.9908E-02
  6.1282E+01 -6.3807E-02 -1.0776E-02  7.7527E-02
  6.1460E+01 -6.6032E-02 -1.1124E-02  7.4923E-02
  6.1639E+01 -6.7926E-02 -1.1410E-02  7.5551E-02
  6.1817E+01 -6.8513E-02 -1.1498E-02  7.9994E-02
  6.1995E+01 -6.7855E-02 -1.1382E-02  8.2374E-02
  6.2174E+01 -6.6118E-02 -1.1079E-02  7.8131E-02
  6.2352E+01 -6.3577E-02 -1.0653E-02  7.4594E-02
  6.2530E+01 -6.0877E-02 -1.0214E-02  7.5749E-02
  6.2709E+01 -5.9346E-02 -9.9423E-03  7.7773E-02
  6.2887E+01 -5.8825E-02 -9.8199E-03  7.6364E-02
  6.3065E+01 -5.7519E-02 -9.5931E-03  7.0049E-02
  6.3244E+01 -5.7248E-02 -9.5047E-03  6.1978E-02
  6.3422E+01 -5.7988E-02 -9.5692E-03  5.6038E-02
  6.3600E+01 -5.7900E-02 -9.5275E-03  5.5318E-02
  6.3779E+01 -5.6203E-02 -9.2634E-03  6.0336E-02
  6.3957E+01 -5.4299E-02 -8.9889E-03  6.5555E-02
  6.4135E+01 -5.4306E-02 -9.0116E-03  6.6343E-02
  6.4313E+01 -5.6530E-02 -9.3684E-03  6.6239E-02
  6.4492E+01 -5.9311E-02 -9.8133E-03  6.5472E-02
  6.4670E+01 -6.0349E-02 -1.0001E-02  6.2286E-02
  6.4848E+01 -5.8712E-02 -9.7803E-03  5.9943E-02
  6.5027E+01 -5.6317E-02 -9.4306E-03  6.1120E-02
  6.5205E+01 -5.4091E-02 -9.1240E-03  6.4790E-02
  6.5383E+01 -5.2378E-02 -8.8995E-03  7.0452E-02
  6.5562E+01 -5.1785E-02 -8.8139E-03  7.6786E-02
  6.5740E+01 -5.2331E-02 -8.8866E-03  8.1583E-02
  6.5918E+01 -5.3665E-02 -9.0862E-03  8.4155E-02
  6.6097E+01 -5.4989E-02 -9.3094E-03  8.5197E-02
  6.6275E+01 -5.6013E-02 -9.4982E-03  8.6639E-02
  6.6453E+01 -5.7346E-02 -9.7176E-03  8.7688E-02
  6.6632E+01 -5.9103E-02 -9.9828E-03  8.2905E-02
  6.6810E+01 -6.0067E-02 -1.0123E-02  7.2919E-02
  6.6988E+01 -5.9895E-02 -1.0108E-02  6.5733E-02
  6.7167E+01 -5.9543E-02 -1.0054E-02  6.0924E-02
  6.7345E+01 -5.8480E-02 -9.8641E-03  5.5924E-02
  6.7523E+01 -5.6301E-02 -9.5116E-03  5.1611E-02
  6.7701E+01 -5.4391E-02 -9.2036E-03  4.9648E-02
  6.7880E+01 -5.3774E-02 -9.0755E-03  4.8281E-02
  6.8058E+01 -5.4265E-02 -9.1160E-03  4.5940E-02
  6.8236E+01 -5.4942E-02 -9.2130E-03  3.8942E-02
  6.8415E+01 -5.5577E-02 -9.3248E-03  2.7120E-02
  6.8599E+01 -5.7535E-02 -9.6240E-03  1.2241E-02
  6.8787E+01 -6.0516E-02 -1.0054E-02 -1.4442E-03
  6.8974E+01 -6.2886E-02 -1.0373E-02 -1.2093E-02
  6.9161E+01 -6.4116E-02 -1.0527E-02 -1.9032E-02
  6.9348E+01 -6.5282E-02 -1.0673E-02 -2.7284E-02
  6.9535E+01 -6.7425E-02 -1.0947E-02 -3.6637E-02
  6.9723E+01 -6.9920E-02 -1.1269E-02 -4.5780E-02
  6.9910E+01 -7.0539E-02 -1.1329E-02 -5.3366E-02
  7.0097E+01 -6.9699E-02 -1.1173E-02 -5.8857E-02
  7.0284E+01 -6.9575E-02 -1.1129E-02 -6.4972E-02
  7.0472E+01 -7.0340E-02 -1.1219E-02 -7.2804E-02
  7.0659E+01 -7.0782E-02 -1.1265E-02 -7.5128E-02
  7.0846E+01 -7.0149E-02 -1.1174E-02 -7.4174E-02
  7.1033E+01 -6.8129E-02 -1.0890E-02 -7.7431E-02
  7.1221E+01 -6.4909E-02 -1.0451E-02 -8.4803E-02
  7.1408E+01 -6.0274E-02 -9.8149E-03 -8.9662E-02
  7.1595E+01 -5.4302E-02 -8.9628E-03 -8.9576E-02
  7.1782E+01 -4.9297E-02 -8.2350E-03 -8.8847E-02
  7.1973E+01 -4.7339E-02 -7.9496E-03 -8.6979E-02
  7.2170E+01 -4.7111E-02 -7.9008E-03 -8.6188E-02
  7.2366E+01 -4.6797E-02 -7.8292E-03 -8.7182E-02
  7.2563E+01 -4.6555E-02 -7.7850E-03 -8.8829E-02
  7.2760E+01 -4.6640E-02 -7.8000E-03 -8.4180E-02
  7.2956E+01 -4.6795E-02 -7.8291E-03 -7.0218E-02
  7.3153E+01 -4.6976E-02 -7.8831E-03 -5.3431E-02
  7.3349E+01 -4.7239E-02 -7.9568E-03 -3.8338E-02
  7.3546E+01 -4.7881E-02 -8.0640E-03 -2.8665E-02
  7.3743E+01 -4.8513E-02 -8.1652E-03 -2.7463E-02
  7.3939E+01 -4.9417E-02 -8.3198E-03 -2.7213E-02
  7.4136E+01 -4.9966E-02 -8.4422E-03 -2.0802E-02
  7.4332E+01 -4.9554E-02 -8.4287E-03 -1.1667E-02
  7.4522E+01 -4.9053E-02 -8.3918E-03 -1.6161E-03
  7.4709E+01 -5.0057E-02 -8.5829E-03  3.3069E-03
  7.4895E+01 -5.2023E-02 -8.9328E-03  2.5378E-03
  7.5082E+01 -5.4300E-02 -9.3284E-03  1.7477E-04
  7.5268E+01 -5.6802E-02 -9.7444E-03 -1.0206E-03
  7.5455E+01 -5.9166E-02 -1.0144E-02 -1.7077E-03
  7.5641E+01 -6.0156E-02 -1.0341E-02 -3.6304E-03
  7.5828E+01 -5.9658E-02 -1.0295E-02 -6.6786E-03
  7.6015E+01 -5.8432E-02 -1.0112E-02 -7.8493E-03
  7.6201E+01 -5.6503E-02 -9.8121E-03 -6.0094E-03
  7.6388E+01 -5.4191E-02 -9.4478E-03 -9.6555E-03
  7.6574E+01 -5.2345E-02 -9.1168E-03 -1.8686E-02
  7.6761E+01 -5.1322E-02 -8.8911E-03 -2.6025E-02
  7.6948E+01 -5.0870E-02 -8.7737E-03 -2.8259E-02
  7.7134E+01 -5.0746E-02 -8.7289E-03 -2.4256E-02
  7.7321E+01 -5.1167E-02 -8.7783E-03 -2.0395E-02
  7.7507E+01 -5.1364E-02 -8.8102E-03 -1.7973E-02
  7.7694E+01 -5.1227E-02 -8.7935E-03 -2.0488E-02
  7.7880E+01 -5.1065E-02 -8.7662E-03 -2.7076E-02
  7.8070E+01 -5.2589E-02 -8.9744E-03 -3.3837E-02
  7.8266E+01 -5.7198E-02 -9.6407E-03 -4.2134E-02
  7.8462E+01 -6.2864E-02 -1.0489E-02 -5.1306E-02
  7.8658E+01 -6.6555E-02 -1.1064E-02 -5.9274E-02
  7.8853E+01 -6.7895E-02 -1.1284E-02 -6.4889E-02
  7.9049E+01 -6.8343E-02 -1.1370E-02 -7.0429E-02
  7.9245E+01 -6.8334E-02 -1.1395E-02 -7.8338E-02
  7.9441E+01 -6.8311E-02 -1.1423E-02 -8.6038E-02
  7.9637E+01 -6.8135E-02 -1.1421E-02 -8.8438E-02
  7.9833E+01 -6.7734E-02 -1.1366E-02 -8.9634E-02
  8.0029E+01 -6.6224E-02 -1.1134E-02 -8.9785E-02
  8.0225E+01 -6.3506E-02 -1.0702E-02 -8.1869E-02
  8.0421E+01 -6.0876E-02 -1.0252E-02 -6.9601E-02
  8.0617E+01 -5.8473E-02 -9.8391E-03 -5.9527E-02
  8.0813E+01 -5.6829E-02 -9.5725E-03 -5.1442E-02
  8.1009E+01 -5.5946E-02 -9.4643E-03 -4.8347E-02
  8.1204E+01 -5.5109E-02 -9.3970E-03 -5.0537E-02
  8.1400E+01 -5.3964E-02 -9.2513E-03 -5.4773E-02
  8.1596E+01 -5.2668E-02 -9.0452E-03 -6.0558E-02
  8.1792E+01 -5.1489E-02 -8.8554E-03 -6.5233E-02
  8.1988E+01 -5.0907E-02 -8.7698E-03 -6.7138E-02
  8.2184E+01 -5.2032E-02 -8.9382E-03 -7.0188E-02
  8.2380E+01 -5.4796E-02 -9.3350E-03 -7.1839E-02
  8.2576E+01 -5.7668E-02 -9.7448E-03 -6.9904E-02
  8.2772E+01 -5.9056E-02 -9.9508E-03 -6.6165E-02
  8.2968E+01 -5.9109E-02 -9.9740E-03 -6.3466E-02
  8.3164E+01 -5.8845E-02 -9.9353E-03 -6.3625E-02
  8.3359E+01 -5.7091E-02 -9.6791E-03 -6.4675E-02
  8.3555E+01 -5.4289E-02 -9.2860E-03 -6.7473E-02
  8.3751E+01 -5.3817E-02 -9.2382E-03 -6.2554E-02
  8.3947E+01 -5.5149E-02 -9.4266E-03 -4.5376E-02
  8.4143E+01 -5.6763E-02 -9.6269E-03 -2.7362E-02
  8.4339E+01 -5.8191E-02 -9.8278E-03 -1.6685E-02
  8.4535E+01 -5.8962E-02 -9.9396E-03 -1.0408E-02
  8.4731E+01 -5.9251E-02 -9.9759E-03 -5.5045E-03
  8.4923E+01 -6.0258E-02 -1.0113E-02  2.9248E-03
  8.5109E+01 -6.2636E-02 -1.0427E-02  1.7474E-02
  8.5295E+01 -6.5428E-02 -1.0796E-02  2.7925E-02
  8.5481E+01 -6.8075E-02 -1.1165E-02  2.7054E-02
  8.5667E+01 -7.0200E-02 -1.1492E-02  1.8846E-02
  8.5853E+01 -7.2615E-02 -1.1873E-02  9.5433E-03
  8.6039E+01 -7.5543E-02 -1.2308E-02  7.3526E-03
  8.6225E+01 -7.7151E-02 -1.2533E-02  1.0290E-02
  8.6412E+01 -7.6631E-02 -1.2459E-02  8.4531E-03
  8.6589E+01 -7.5121E-02 -1.2246E-02  3.8628E-03
  8.6766E+01 -7.3489E-02 -1.2015E-02  7.8011E-05
  8.6943E+01 -7.2216E-02 -1.1834E-02 -8.3160E-03
  8.7119E+01 -7.1376E-02 -1.1709E-02 -2.0953E-02
  8.7296E+01 -7.0008E-02 -1.1504E-02 -3.1354E-02
  8.7473E+01 -6.7865E-02 -1.1167E-02 -3.2291E-02
  8.7650E+01 -6.5341E-02 -1.0765E-02 -2.4531E-02
  8.7826E+01 -6.3485E-02 -1.0469E-02 -1.3879E-02
  8.8003E+01 -6.2664E-02 -1.0334E-02 -5.8818E-03
  8.8180E+01 -6.3669E-02 -1.0479E-02  3.0899E-04
  8.8357E+01 -6.6825E-02 -1.0958E-02  8.0935E-03
  8.8533E+01 -7.0598E-02 -1.1531E-02  1.6235E-02
  8.8710E+01 -7.4402E-02 -1.2100E-02  2.1510E-02
  8.8890E+01 -7.7818E-02 -1.2606E-02  2.0942E-02
  8.9076E+01 -8.0900E-02 -1.3050E-02  1.8436E-02
  8.9261E+01 -8.3722E-02 -1.3459E-02  2.0332E-02
  8.9447E+01 -8.4722E-02 -1.3621E-02  2.4463E-02
  8.9633E+01 -8.3829E-02 -1.3520E-02  2.5856E-02
  8.9818E+01 -8.2085E-02 -1.3300E-02  2.8393E-02
  9.0004E+01 -8.0837E-02 -1.3133E-02  3.5057E-02
  9.0189E+01 -8.0939E-02 -1.3145E-02  4.1615E-02
  9.0375E+01 -8.1716E-02 -1.3247E-02  5.3272E-02
  9.0560E+01 -8.3074E-02 -1.3419E-02  7.1517E-02
  9.0746E+01 -8.4439E-02 -1.3617E-02  8.3655E-02
  9.0932E+01 -8.5119E-02 -1.3727E-02  8.7370E-02
  9.1117E+01 -8.3989E-02 -1.3569E-02  8.7970E-02
  9.1303E+01 -8.0410E-02 -1.3041E-02  8.7933E-02
  9.1488E+01 -7.6006E-02 -1.2393E-02  8.2969E-02
  9.1674E+01 -7.2435E-02 -1.1876E-02  7.1554E-02
  9.1859E+01 -6.9629E-02 -1.1462E-02  5.6249E-02
  9.2045E+01 -6.8123E-02 -1.1227E-02  4.8171E-02
  9.2231E+01 -6.7176E-02 -1.1062E-02  5.2152E-02
  9.2416E+01 -6.4608E-02 -1.0675E-02  5.8676E-02
  9.2602E+01 -6.0232E-02 -1.0030E-02  6.8409E-02
  9.2787E+01 -5.5647E-02 -9.3354E-03  7.9937E-02
  9.2973E+01 -5.3748E-02 -9.0060E-03  8.4603E-02
  9.3158E+01 -5.4488E-02 -9.0561E-03  8.3088E-02
  9.3344E+01 -5.5433E-02 -9.1692E-03  8.0786E-02
  9.3530E+01 -5.5699E-02 -9.1929E-03  8.3485E-02
  9.3715E+01 -5.4599E-02 -9.0135E-03  8.8498E-02
  9.3901E+01 -5.1111E-02 -8.5071E-03  8.6492E-02
  9.4086E+01 -4.7433E-02 -7.9881E-03  8.0757E-02
  9.4272E+01 -4.5627E-02 -7.7254E-03  7.9115E-02
  9.4457E+01 -4.6008E-02 -7.7555E-03  7.9419E-02
  9.4643E+01 -4.7607E-02 -7.9663E-03  7.4835E-02
  9.4829E+01 -4.8418E-02 -8.0760E-03  6.6822E-02
  9.5014E+01 -4.7766E-02 -7.9803E-03  5.6109E-02
  9.5200E+01 -4.6446E-02 -7.7829E-03  4.6303E-02
  9.5385E+01 -4.5012E-02 -7.5833E-03  3.8421E-02
  9.5571E+01 -4.4519E-02 -7.5307E-03  3.1239E-02
  9.5756E+01 -4.6817E-02 -7.8626E-03  2.8004E-02
  9.5942E+01 -5.0439E-02 -8.3983E-03  3.0512E-02
  9.6128E+01 -5.2628E-02 -8.7475E-03  3.5296E-02
  9.6313E+01 -5.3392E-02 -8.8965E-03  3.5575E-02
  9.6499E+01 -5.4369E-02 -9.0800E-03  3.0198E-02
  9.6684E+01 -5.6179E-02 -9.3732E-03  2.3676E-02
  9.6870E+01 -5.7412E-02 -9.5541E-03  1.3298E-02
  9.7055E+01 -5.6920E-02 -9.4578E-03  3.4235E-04
  9.7241E+01 -5.5552E-02 -9.2349E-03 -1.4515E-02
  9.7430E+01 -5.4669E-02 -9.0842E-03 -2.3033E-02
  9.7625E+01 -5.3204E-02 -8.8625E-03 -1.9575E-02
  9.7820E+01 -5.0710E-02 -8.5343E-03 -1.6031E-02
  9.8012E+01 -4.9096E-02 -8.3412E-03 -2.4329E-02
  9.8197E+01 -4.9588E-02 -8.4433E-03 -3.8407E-02
  9.8382E+01 -5.1067E-02 -8.6819E-03 -4.8106E-02
  9.8567E+01 -5.1879E-02 -8.8196E-03 -4.6755E-02
  9.8752E+01 -5.1176E-02 -8.7205E-03 -3.3140E-02
  9.8937E+01 -5.0602E-02 -8.6151E-03 -1.5653E-02
  9.9122E+01 -5.1333E-02 -8.6882E-03 -2.7896E-03
  9.9307E+01 -5.1879E-02 -8.7475E-03 -3.7983E-04
  9.9492E+01 -5.1517E-02 -8.6750E-03 -1.0591E-02
  9.9677E+01 -5.1327E-02 -8.6123E-03 -2.5647E-02
  9.9862E+01 -5.1807E-02 -8.6413E-03 -3.1009E-02
  1.0005E+02 -5.2030E-02 -8.6360E-03 -2.5992E-02
  1.0023E+02 -5.1092E-02 -8.4816E-03 -2.0494E-02
  1.0042E+02 -5.0233E-02 -8.3504E-03 -1.7857E-02
  1.0060E+02 -5.0515E-02 -8.3881E-03 -1.0208E-02
  1.0079E+02 -5.0511E-02 -8.3947E-03  2.3433E-03
  1.0097E+02 -4.8727E-02 -8.1526E-03  1.3163E-02
  1.0116E+02 -4.5455E-02 -7.7066E-03  2.0530E-02
  1.0134E+02 -4.2666E-02 -7.3135E-03  2.1453E-02
  1.0153E+02 -4.1518E-02 -7.1260E-03  1.7630E-02
  1.0171E+02 -4.2317E-02 -7.2008E-03  1.1830E-02
  1.0190E+02 -4.4657E-02 -7.5163E-03  3.8065E-03
  1.0208E+02 -4.8227E-02 -8.0262E-03 -4.2158E-03
  1.0227E+02 -5.1501E-02 -8.4961E-03 -9.7375E-03
  1.0245E+02 -5.2802E-02 -8.6906E-03 -1.3581E-02
  1.0264E+02 -5.2331E-02 -8.6290E-03 -1.6817E-02
  1.0282E+02 -5.1398E-02 -8.4934E-03 -2.4124E-02
  1.0301E+02 -5.0532E-02 -8.3560E-03 -3.0999E-02
  1.0319E+02 -4.9456E-02 -8.1815E-03 -3.1766E-02
  1.0338E+02 -4.8509E-02 -8.0106E-03 -3.1115E-02
  1.0356E+02 -4.7802E-02 -7.8864E-03 -2.9521E-02
  1.0375E+02 -4.6513E-02 -7.6941E-03 -2.8553E-02
  1.0393E+02 -4.4502E-02 -7.3968E-03 -2.6223E-02
  1.0412E+02 -4.3135E-02 -7.1916E-03 -2.0462E-02
  1.0430E+02 -4.2969E-02 -7.1689E-03 -9.8557E-03
  1.0449E+02 -4.3427E-02 -7.2481E-03  9.2979E-03
  1.0467E+02 -4.3882E-02 -7.3426E-03  3.1904E-02
  1.0486E+02 -4.3602E-02 -7.3467E-03  4.8424E-02
  1.0504E+02 -4.3045E-02 -7.2978E-03  5.4570E-02
  1.0523E+02 -4.3514E-02 -7.3750E-03  5.1850E-02
  1.0541E+02 -4.5238E-02 -7.6150E-03  4.5036E-02
  1.0560E+02 -4.7288E-02 -7.8802E-03  3.8750E-02
  1.0578E+02 -4.8643E-02 -8.0420E-03  3.3691E-02
  1.0597E+02 -4.9303E-02 -8.1114E-03  2.9743E-02
  1.0615E+02 -4.9690E-02 -8.1577E-03  3.3574E-02
  1.0634E+02 -4.9918E-02 -8.1796E-03  4.6107E-02
  1.0652E+02 -4.9887E-02 -8.1531E-03  5.7749E-02
  1.0671E+02 -4.8700E-02 -7.9617E-03  6.2564E-02
  1.0690E+02 -4.6231E-02 -7.5939E-03  5.9670E-02
  1.0710E+02 -4.2995E-02 -7.1208E-03  5.5194E-02
  1.0729E+02 -4.0021E-02 -6.6790E-03  5.2677E-02
  1.0749E+02 -3.8440E-02 -6.4368E-03  5.1502E-02
  1.0768E+02 -3.8546E-02 -6.4517E-03  5.0339E-02
  1.0787E+02 -3.9948E-02 -6.6669E-03  4.5579E-02
  1.0807E+02 -4.2089E-02 -6.9941E-03  4.1092E-02
  1.0826E+02 -4.3362E-02 -7.1985E-03  3.9143E-02
  1.0846E+02 -4.2524E-02 -7.0947E-03  3.8490E-02
  1.0865E+02 -4.0897E-02 -6.8592E-03  3.6299E-02
  1.0885E+02 -3.9817E-02 -6.6986E-03  3.6153E-02
  1.0904E+02 -3.9429E-02 -6.6447E-03  4.1811E-02
  1.0923E+02 -3.9972E-02 -6.7120E-03  4.9588E-02
  1.0943E+02 -4.2046E-02 -6.9851E-03  5.1432E-02
  1.0962E+02 -4.4729E-02 -7.3608E-03  4.3753E-02
  1.0982E+02 -4.5808E-02 -7.5303E-03  3.0733E-02
  1.1001E+02 -4.4959E-02 -7.4370E-03  1.7344E-02
  1.1021E+02 -4.3900E-02 -7.3102E-03  4.2649E-03
  1.1040E+02 -4.3686E-02 -7.3031E-03 -4.1094E-03
  1.1059E+02 -4.5181E-02 -7.5358E-03 -2.8064E-03
  1.1079E+02 -4.7828E-02 -7.9334E-03  1.7257E-03
  1.1098E+02 -4.9217E-02 -8.1627E-03  2.5832E-03
  1.1118E+02 -4.8753E-02 -8.1154E-03  3.5135E-03
  1.1137E+02 -4.7342E-02 -7.9141E-03  7.0790E-03
  1.1157E+02 -4.6438E-02 -7.7636E-03  9.9364E-03
  1.1176E+02 -4.6382E-02 -7.7354E-03  1.1171E-02
  1.1195E+02 -4.6768E-02 -7.7834E-03  1.3771E-02
  1.1215E+02 -4.6812E-02 -7.7996E-03  1.8675E-02
  1.1234E+02 -4.6320E-02 -7.7417E-03  2.7767E-02
  1.1254E+02 -4.5745E-02 -7.6712E-03  3.2778E-02
  1.1273E+02 -4.5675E-02 -7.6632E-03  3.5249E-02
  1.1293E+02 -4.5883E-02 -7.7006E-03  3.5885E-02
  1.1312E+02 -4.5707E-02 -7.7055E-03  3.1542E-02
  1.1331E+02 -4.5262E-02 -7.6883E-03  2.5875E-02
  1.1351E+02 -4.4356E-02 -7.6051E-03  2.2545E-02
  1.1370E+02 -4.2804E-02 -7.4094E-03  2.3306E-02
  1.1390E+02 -4.2154E-02 -7.3120E-03  2.5216E-02
  1.1409E+02 -4.3498E-02 -7.4963E-03  2.5039E-02
  1.1429E+02 -4.5894E-02 -7.8439E-03  2.2807E-02
  1.1448E+02 -4.7534E-02 -8.0966E-03  1.5560E-02
  1.1467E+02 -4.7485E-02 -8.0961E-03  8.0366E-03
  1.1487E+02 -4.6455E-02 -7.9498E-03  4.4717E-03
  1.1506E+02 -4.5155E-02 -7.7922E-03  5.1852E-03
  1.1526E+02 -4.3735E-02 -7.6347E-03  1.1042E-02
  1.1545E+02 -4.2631E-02 -7.5116E-03  2.0120E-02
  1.1565E+02 -4.2868E-02 -7.5625E-03  2.6488E-02
  1.1584E+02 -4.4312E-02 -7.7663E-03  2.3742E-02
  1.1603E+02 -4.5986E-02 -7.9879E-03  1.6022E-02
  1.1623E+02 -4.7027E-02 -8.1219E-03  1.4600E-02
  1.1642E+02 -4.7574E-02 -8.2017E-03  1.6776E-02
  1.1662E+02 -4.7933E-02 -8.2773E-03  1.4029E-02
  1.1681E+02 -4.8384E-02 -8.3625E-03  8.1238E-03
  1.1701E+02 -4.8661E-02 -8.4051E-03  2.8751E-03
  1.1720E+02 -4.8347E-02 -8.3619E-03  4.0737E-03
  1.1740E+02 -4.8408E-02 -8.3736E-03  1.7006E-02
  1.1759E+02 -4.9405E-02 -8.5159E-03  3.4539E-02
  1.1778E+02 -5.1718E-02 -8.8573E-03  5.0407E-02
  1.1798E+02 -5.5633E-02 -9.4356E-03  6.0311E-02
  1.1816E+02 -5.9490E-02 -9.9921E-03  6.6147E-02
  1.1835E+02 -6.1945E-02 -1.0317E-02  7.2586E-02
  1.1853E+02 -6.2421E-02 -1.0339E-02  8.6151E-02
  1.1872E+02 -6.1227E-02 -1.0132E-02  1.0100E-01
  1.1890E+02 -5.9729E-02 -9.8853E-03  1.0737E-01
  1.1909E+02 -5.8384E-02 -9.6363E-03  1.0639E-01
  1.1927E+02 -5.7080E-02 -9.3986E-03  1.0093E-01
  1.1946E+02 -5.5219E-02 -9.1114E-03  9.3182E-02
  1.1964E+02 -5.3012E-02 -8.7754E-03  8.8243E-02
  1.1982E+02 -5.1839E-02 -8.5719E-03  8.3224E-02
  1.2001E+02 -5.1902E-02 -8.5341E-03  7.9059E-02
  1.2019E+02 -5.2375E-02 -8.5512E-03  7.9053E-02
  1.2038E+02 -5.3356E-02 -8.6597E-03  7.7035E-02
  1.2056E+02 -5.5223E-02 -8.9136E-03  6.9341E-02
  1.2075E+02 -5.8016E-02 -9.3151E-03  5.7270E-02
  1.2093E+02 -6.1046E-02 -9.7878E-03  3.9504E-02
  1.2113E+02 -6.3499E-02 -1.0199E-02  1.5939E-02
  1.2132E+02 -6.4389E-02 -1.0377E-02 -6.6969E-03
  1.2151E+02 -6.4213E-02 -1.0394E-02 -1.6511E-02
  1.2171E+02 -6.4572E-02 -1.0444E-02 -9.4485E-03
  1.2190E+02 -6.5286E-02 -1.0551E-02  4.7919E-03
  1.2209E+02 -6.5353E-02 -1.0591E-02  1.7008E-02
  1.2229E+02 -6.5109E-02 -1.0581E-02  1.9793E-02
  1.2248E+02 -6.4350E-02 -1.0490E-02  1.5020E-02
  1.2267E+02 -6.2490E-02 -1.0220E-02  1.0126E-02
  1.2287E+02 -6.0521E-02 -9.9211E-03  9.9162E-03
  1.2306E+02 -5.8595E-02 -9.6471E-03  1.3503E-02
  1.2326E+02 -5.7155E-02 -9.4629E-03  1.8011E-02
  1.2345E+02 -5.7425E-02 -9.5400E-03  2.4456E-02
  1.2364E+02 -5.8600E-02 -9.7308E-03  3.0215E-02
  1.2384E+02 -6.0197E-02 -9.9494E-03  3.2478E-02
  1.2403E+02 -6.1683E-02 -1.0151E-02  3.0188E-02
  1.2422E+02 -6.2548E-02 -1.0271E-02  2.7745E-02
  1.2442E+02 -6.2948E-02 -1.0344E-02  3.0221E-02
  1.2461E+02 -6.3396E-02 -1.0436E-02  3.4414E-02
  1.2480E+02 -6.4876E-02 -1.0666E-02  3.8537E-02
  1.2500E+02 -6.6682E-02 -1.0957E-02  4.7467E-02
  1.2519E+02 -6.9197E-02 -1.1370E-02  5.6377E-02
  1.2538E+02 -7.3256E-02 -1.2029E-02  6.1307E-02
  1.2558E+02 -7.7265E-02 -1.2662E-02  6.2767E-02
  1.2577E+02 -8.0459E-02 -1.3140E-02  6.1429E-02
  1.2597E+02 -8.1923E-02 -1.3351E-02  6.0202E-02
  1.2616E+02 -8.0924E-02 -1.3216E-02  5.4663E-02
  1.2635E+02 -7.8182E-02 -1.2850E-02  4.5003E-02
  1.2655E+02 -7.4640E-02 -1.2378E-02  3.5557E-02
  1.2674E+02 -7.2236E-02 -1.2054E-02  3.3597E-02
  1.2693E+02 -7.0739E-02 -1.1833E-02  3.6851E-02
  1.2712E+02 -6.7763E-02 -1.1391E-02  4.0348E-02
  1.2730E+02 -6.4642E-02 -1.0933E-02  3.8336E-02
  1.2749E+02 -6.3453E-02 -1.0747E-02  3.2470E-02
  1.2767E+02 -6.3651E-02 -1.0749E-02  2.7273E-02
  1.2785E+02 -6.4901E-02 -1.0884E-02  2.1189E-02
  1.2804E+02 -6.5955E-02 -1.0997E-02  1.7068E-02
  1.2822E+02 -6.5608E-02 -1.0927E-02  1.4354E-02
  1.2841E+02 -6.4650E-02 -1.0775E-02  4.5656E-03
  1.2859E+02 -6.4140E-02 -1.0703E-02 -1.2287E-02
  1.2877E+02 -6.4132E-02 -1.0712E-02 -2.9658E-02
  1.2896E+02 -6.4498E-02 -1.0734E-02 -4.2875E-02
  1.2914E+02 -6.5635E-02 -1.0859E-02 -4.8171E-02
  1.2932E+02 -6.6145E-02 -1.0940E-02 -4.8931E-02
  1.2951E+02 -6.5110E-02 -1.0831E-02 -4.7925E-02
  1.2969E+02 -6.4034E-02 -1.0714E-02 -4.7969E-02
  1.2988E+02 -6.3441E-02 -1.0658E-02 -5.0113E-02
  1.3006E+02 -6.3814E-02 -1.0730E-02 -5.0321E-02
  1.3024E+02 -6.4716E-02 -1.0870E-02 -5.5522E-02
  1.3043E+02 -6.4387E-02 -1.0817E-02 -6.9435E-02
  1.3061E+02 -6.3278E-02 -1.0637E-02 -8.4519E-02
  1.3079E+02 -6.2946E-02 -1.0575E-02 -9.1280E-02
  1.3098E+02 -6.4453E-02 -1.0784E-02 -8.9704E-02
  1.3116E+02 -6.7062E-02 -1.1152E-02 -8.6699E-02
  1.3134E+02 -6.9503E-02 -1.1505E-02 -9.0793E-02
  1.3153E+02 -7.2190E-02 -1.1900E-02 -9.8242E-02
  1.3171E+02 -7.6406E-02 -1.2513E-02 -9.7262E-02
  1.3190E+02 -8.2051E-02 -1.3329E-02 -8.7044E-02
  1.3208E+02 -8.7417E-02 -1.4116E-02 -7.6126E-02
  1.3226E+02 -9.1423E-02 -1.4690E-02 -6.9654E-02
  1.3245E+02 -9.4606E-02 -1.5141E-02 -6.4167E-02
  1.3263E+02 -9.6942E-02 -1.5488E-02 -5.9614E-02
  1.3281E+02 -9.7900E-02 -1.5653E-02 -6.2776E-02
  1.3300E+02 -9.7259E-02 -1.5573E-02 -7.6924E-02
  1.3318E+02 -9.4522E-02 -1.5155E-02 -9.0205E-02
  1.3337E+02 -9.0964E-02 -1.4600E-02 -9.6037E-02
  1.3355E+02 -8.6398E-02 -1.3903E-02 -9.3694E-02
  1.3373E+02 -8.1123E-02 -1.3103E-02 -8.6091E-02
  1.3392E+02 -7.6859E-02 -1.2452E-02 -8.0627E-02
  1.3410E+02 -7.3165E-02 -1.1893E-02 -8.2138E-02
  1.3428E+02 -7.0607E-02 -1.1505E-02 -8.0611E-02
  1.3447E+02 -6.8704E-02 -1.1242E-02 -6.9664E-02
  1.3465E+02 -6.5140E-02 -1.0784E-02 -5.0776E-02
  1.3483E+02 -6.0859E-02 -1.0202E-02 -2.9290E-02
  1.3502E+02 -5.8023E-02 -9.7538E-03 -1.3201E-02
  1.3520E+02 -5.5750E-02 -9.3455E-03 -6.7459E-03
  1.3539E+02 -5.4003E-02 -9.0216E-03 -1.2222E-03
  1.3557E+02 -5.2957E-02 -8.8155E-03  5.1406E-03
  1.3575E+02 -5.4022E-02 -8.9116E-03  6.0250E-03
  1.3594E+02 -5.6533E-02 -9.2308E-03  1.6146E-03
  1.3612E+02 -5.8902E-02 -9.5348E-03 -1.0357E-02
  1.3630E+02 -6.0433E-02 -9.7335E-03 -2.8548E-02
  1.3649E+02 -6.0080E-02 -9.6908E-03 -4.0443E-02
  1.3667E+02 -5.8418E-02 -9.4725E-03 -4.1916E-02
  1.3686E+02 -5.6577E-02 -9.2160E-03 -3.4781E-02
  1.3704E+02 -5.4949E-02 -8.9923E-03 -2.5297E-02
  1.3722E+02 -5.4299E-02 -8.9184E-03 -2.4833E-02
  1.3741E+02 -5.3487E-02 -8.8217E-03 -3.1586E-02
  1.3759E+02 -5.2351E-02 -8.6540E-03 -3.0086E-02
  1.3777E+02 -5.1536E-02 -8.5244E-03 -1.7009E-02
  1.3796E+02 -5.1037E-02 -8.4330E-03  1.6742E-03
  1.3814E+02 -5.1437E-02 -8.4458E-03  1.3592E-02
  1.3832E+02 -5.1845E-02 -8.4654E-03  1.4375E-02
  1.3851E+02 -5.2160E-02 -8.5055E-03  1.1837E-02
  1.3869E+02 -5.1810E-02 -8.4796E-03  1.0397E-02
  1.3888E+02 -5.2156E-02 -8.5425E-03  7.7670E-03
  1.3906E+02 -5.2662E-02 -8.6159E-03  6.8897E-04
  1.3924E+02 -5.3186E-02 -8.6979E-03 -1.9886E-03
  1.3943E+02 -5.3460E-02 -8.7369E-03  5.3162E-04
  1.3961E+02 -5.3352E-02 -8.7224E-03  1.2981E-03
  1.3979E+02 -5.2972E-02 -8.6839E-03  1.9152E-04
  1.3998E+02 -5.2309E-02 -8.6035E-03  7.4059E-04
  1.4016E+02 -5.1393E-02 -8.4711E-03 -5.4318E-04
  1.4035E+02 -5.1170E-02 -8.4369E-03 -8.9701E-03
  1.4053E+02 -5.1626E-02 -8.5221E-03 -1.3608E-02
  1.4071E+02 -5.2398E-02 -8.6642E-03 -8.9920E-03
  1.4090E+02 -5.3148E-02 -8.7925E-03  1.1178E-03
  1.4108E+02 -5.3342E-02 -8.8361E-03  1.3227E-02
  1.4126E+02 -5.3336E-02 -8.8442E-03  1.9973E-02
  1.4145E+02 -5.4552E-02 -9.0214E-03  1.7281E-02
  1.4163E+02 -5.7099E-02 -9.3875E-03  1.1089E-02
  1.4181E+02 -5.9751E-02 -9.7767E-03  9.0521E-03
  1.4200E+02 -6.0995E-02 -9.9836E-03  6.8877E-03
  1.4218E+02 -6.1210E-02 -1.0043E-02  1.0135E-03
  1.4237E+02 -6.1311E-02 -1.0063E-02 -3.7780E-03
  1.4255E+02 -6.1705E-02 -1.0104E-02 -5.9439E-03
  1.4273E+02 -6.2309E-02 -1.0190E-02 -7.2429E-03
  1.4292E+02 -6.3738E-02 -1.0422E-02 -8.0202E-03
  1.4310E+02 -6.5105E-02 -1.0658E-02 -1.0787E-02
  1.4328E+02 -6.4887E-02 -1.0656E-02 -1.6855E-02
  1.4347E+02 -6.3135E-02 -1.0412E-02 -2.4191E-02
  1.4365E+02 -6.1213E-02 -1.0116E-02 -3.1299E-02
  1.4384E+02 -5.8661E-02 -9.7233E-03 -3.6305E-02
  1.4402E+02 -5.5848E-02 -9.3015E-03 -3.8952E-02
  1.4420E+02 -5.3641E-02 -8.9781E-03 -3.7672E-02
  1.4439E+02 -5.1949E-02 -8.7410E-03 -3.3226E-02
  1.4457E+02 -5.0060E-02 -8.4781E-03 -2.9158E-02
  1.4475E+02 -4.8325E-02 -8.2300E-03 -2.3789E-02
  1.4494E+02 -4.7007E-02 -8.0406E-03 -1.3388E-02
  1.4512E+02 -4.6504E-02 -7.9581E-03 -1.1637E-03
  1.4531E+02 -4.7149E-02 -8.0201E-03  6.4377E-03
  1.4549E+02 -4.8565E-02 -8.1762E-03  1.0320E-02
  1.4568E+02 -5.0337E-02 -8.3851E-03  1.4297E-02
  1.4587E+02 -5.2494E-02 -8.6773E-03  2.2640E-02
  1.4606E+02 -5.4207E-02 -8.9261E-03  2.9760E-02
  1.4625E+02 -5.5187E-02 -9.0576E-03  2.6333E-02
  1.4645E+02 -5.5749E-02 -9.1248E-03  1.2969E-02
  1.4664E+02 -5.5901E-02 -9.1310E-03 -3.6698E-03
  1.4683E+02 -5.6172E-02 -9.1475E-03 -1.5354E-02
  1.4703E+02 -5.5605E-02 -9.0590E-03 -1.9872E-02
  1.4722E+02 -5.3926E-02 -8.8076E-03 -1.9603E-02
  1.4741E+02 -5.2455E-02 -8.5575E-03 -1.7063E-02
  1.4760E+02 -5.1703E-02 -8.4121E-03 -1.6362E-02
  1.4780E+02 -5.0646E-02 -8.2530E-03 -1.4451E-02
  1.4799E+02 -4.9632E-02 -8.1289E-03 -1.5242E-02
  1.4818E+02 -4.9611E-02 -8.1458E-03 -2.0865E-02
  1.4838E+02 -5.1281E-02 -8.4034E-03 -2.4618E-02
  1.4857E+02 -5.3964E-02 -8.8079E-03 -2.3355E-02
  1.4876E+02 -5.6477E-02 -9.1955E-03 -2.3396E-02
  1.4895E+02 -5.8388E-02 -9.4998E-03 -2.6335E-02
  1.4915E+02 -6.0002E-02 -9.7561E-03 -3.1115E-02
  1.4934E+02 -6.1694E-02 -1.0009E-02 -3.7180E-02
  1.4953E+02 -6.2751E-02 -1.0156E-02 -4.2647E-02
  1.4973E+02 -6.2775E-02 -1.0131E-02 -4.7497E-02
  1.4992E+02 -6.2604E-02 -1.0065E-02 -5.3982E-02
  1.5011E+02 -6.2305E-02 -9.9892E-03 -5.5914E-02
  1.5030E+02 -6.1292E-02 -9.8015E-03 -4.8857E-02
  1.5050E+02 -5.9322E-02 -9.4706E-03 -4.1109E-02
  1.5069E+02 -5.6254E-02 -8.9915E-03 -3.7433E-02
  1.5088E+02 -5.3470E-02 -8.5776E-03 -3.4140E-02
  1.5108E+02 -5.1935E-02 -8.3725E-03 -3.1300E-02
  1.5127E+02 -5.1320E-02 -8.2998E-03 -3.0481E-02
  1.5146E+02 -5.1565E-02 -8.3423E-03 -3.1901E-02
  1.5165E+02 -5.2659E-02 -8.4988E-03 -3.4792E-02
  1.5185E+02 -5.3797E-02 -8.6577E-03 -3.3698E-02
  1.5204E+02 -5.4419E-02 -8.7321E-03 -2.5217E-02
  1.5223E+02 -5.4231E-02 -8.6962E-03 -1.4264E-02
  1.5243E+02 -5.3766E-02 -8.6370E-03 -7.9286E-03
  1.5262E+02 -5.3832E-02 -8.6706E-03 -6.1070E-03
  1.5281E+02 -5.3570E-02 -8.6711E-03 -4.3851E-03
  1.5300E+02 -5.2110E-02 -8.4944E-03 -2.2436E-03
  1.5320E+02 -4.9937E-02 -8.1799E-03 -1.3226E-03
  1.5339E+02 -4.9049E-02 -8.0204E-03 -2.8049E-03
  1.5358E+02 -4.9386E-02 -8.0384E-03 -3.9096E-03
  1.5378E+02 -5.0179E-02 -8.1333E-03 -9.7141E-04
  1.5397E+02 -5.0883E-02 -8.2456E-03  3.1508E-04
  1.5416E+02 -5.0814E-02 -8.2639E-03 -4.6649E-03
  1.5435E+02 -5.0789E-02 -8.2902E-03 -1.0754E-02
  1.5455E+02 -5.0885E-02 -8.3569E-03 -1.2606E-02
  1.5474E+02 -4.9993E-02 -8.2951E-03 -1.2279E-02
  1.5493E+02 -4.7956E-02 -8.0381E-03 -1.0037E-02
  1.5513E+02 -4.6566E-02 -7.8355E-03 -6.4202E-03
  1.5532E+02 -4.6211E-02 -7.7804E-03 -2.5571E-03
  1.5551E+02 -4.6829E-02 -7.8643E-03 -7.1732E-05
  1.5569E+02 -4.7244E-02 -7.9251E-03  6.8635E-04
  1.5588E+02 -4.7477E-02 -7.9490E-03 -1.6767E-03
  1.5606E+02 -4.8136E-02 -8.0170E-03 -3.9423E-03
  1.5624E+02 -4.8839E-02 -8.1024E-03 -5.5726E-03
  1.5643E+02 -4.9822E-02 -8.2366E-03 -1.0709E-02
  1.5661E+02 -5.0981E-02 -8.3979E-03 -1.6170E-02
  1.5679E+02 -5.1837E-02 -8.5126E-03 -1.8310E-02
  1.5698E+02 -5.3554E-02 -8.7499E-03 -1.4963E-02
  1.5716E+02 -5.5844E-02 -9.0841E-03 -7.8433E-03
  1.5734E+02 -5.7383E-02 -9.3412E-03  9.0085E-04
  1.5752E+02 -5.8150E-02 -9.5054E-03  1.2092E-02
  1.5771E+02 -5.9117E-02 -9.6903E-03  2.4783E-02
  1.5789E+02 -6.0267E-02 -9.8969E-03  3.7072E-02
  1.5807E+02 -6.1177E-02 -1.0093E-02  4.7991E-02
  1.5826E+02 -6.1480E-02 -1.0211E-02  5.5913E-02
  1.5844E+02 -6.1082E-02 -1.0207E-02  6.1334E-02
  1.5862E+02 -5.9975E-02 -1.0083E-02  6.3344E-02
  1.5881E+02 -5.8734E-02 -9.9241E-03  6.4485E-02
  1.5899E+02 -5.8018E-02 -9.8470E-03  6.9625E-02
  1.5917E+02 -5.8261E-02 -9.9223E-03  7.6424E-02
  1.5936E+02 -5.9784E-02 -1.0179E-02  7.8748E-02
  1.5954E+02 -6.1743E-02 -1.0493E-02  7.9663E-02
  1.5972E+02 -6.2731E-02 -1.0656E-02  8.5488E-02
  1.5990E+02 -6.2087E-02 -1.0566E-02  9.7330E-02
  1.6009E+02 -6.0911E-02 -1.0377E-02  1.1162E-01
  1.6027E+02 -6.0918E-02 -1.0349E-02  1.2072E-01
  1.6045E+02 -6.1971E-02 -1.0485E-02  1.2568E-01
  1.6064E+02 -6.2299E-02 -1.0529E-02  1.3102E-01
  1.6082E+02 -6.1458E-02 -1.0400E-02  1.3547E-01
  1.6101E+02 -6.0719E-02 -1.0271E-02  1.3794E-01
  1.6121E+02 -6.0379E-02 -1.0211E-02  1.3958E-01
  1.6140E+02 -6.0791E-02 -1.0290E-02  1.4148E-01
  1.6159E+02 -6.2108E-02 -1.0501E-02  1.4332E-01
  1.6178E+02 -6.4221E-02 -1.0804E-02  1.4646E-01
  1.6197E+02 -6.6575E-02 -1.1136E-02  1.4873E-01
  1.6217E+02 -6.7822E-02 -1.1336E-02  1.4581E-01
  1.6236E+02 -6.7166E-02 -1.1254E-02  1.3951E-01
  1.6255E+02 -6.6013E-02 -1.1070E-02  1.3294E-01
  1.6274E+02 -6.5435E-02 -1.0953E-02  1.2658E-01
  1.6294E+02 -6.5102E-02 -1.0872E-02  1.1954E-01
  1.6313E+02 -6.4513E-02 -1.0760E-02  1.0880E-01
  1.6332E+02 -6.3988E-02 -1.0671E-02  9.7533E-02
  1.6351E+02 -6.3011E-02 -1.0510E-02  8.3457E-02
  1.6370E+02 -6.1634E-02 -1.0275E-02  6.9852E-02
  1.6390E+02 -6.0589E-02 -1.0099E-02  6.0214E-02
  1.6409E+02 -6.0350E-02 -1.0062E-02  4.6182E-02
  1.6428E+02 -6.0754E-02 -1.0113E-02  2.4622E-02
  1.6447E+02 -6.0842E-02 -1.0115E-02  2.9744E-03
  1.6467E+02 -6.0163E-02 -1.0016E-02 -1.0690E-02
  1.6486E+02 -5.9894E-02 -9.9811E-03 -1.9948E-02
  1.6505E+02 -5.9714E-02 -9.9585E-03 -2.7969E-02
  1.6524E+02 -5.8176E-02 -9.7301E-03 -3.3885E-02
  1.6543E+02 -5.6262E-02 -9.4207E-03 -4.5809E-02
  1.6563E+02 -5.4845E-02 -9.1694E-03 -5.8937E-02
  1.6582E+02 -5.3785E-02 -8.9835E-03 -6.3942E-02
  1.6601E+02 -5.3516E-02 -8.9421E-03 -6.4250E-02
  1.6620E+02 -5.4394E-02 -9.0924E-03 -6.3065E-02
  1.6640E+02 -5.5731E-02 -9.3070E-03 -5.8969E-02
  1.6659E+02 -5.6866E-02 -9.4784E-03 -5.6891E-02
  1.6678E+02 -5.7845E-02 -9.6220E-03 -5.5488E-02
  1.6697E+02 -5.9055E-02 -9.7855E-03 -5.3719E-02
  1.6716E+02 -6.0137E-02 -9.9314E-03 -5.3172E-02
  1.6736E+02 -6.0662E-02 -1.0018E-02 -5.4622E-02
  1.6755E+02 -6.0543E-02 -1.0010E-02 -5.4403E-02
  1.6774E+02 -5.9234E-02 -9.8323E-03 -4.9503E-02
  1.6793E+02 -5.6749E-02 -9.4874E-03 -4.0496E-02
  1.6813E+02 -5.4615E-02 -9.1647E-03 -3.9262E-02
  1.6832E+02 -5.3944E-02 -9.0464E-03 -5.1745E-02
