# CREATED BY GENE DIAGNOSTICS TOOL on Mon Jun 29 12:38:02 2020
# diag: nrgsummary, run(s): 0016, time window: 0-349.03173(1 steps), species: protons
# original data path: /global/cscratch1/sd/stirkas/genecode/prob_impITG/
# normalization: L_ref=1.65m
#
#  t          G_tot       Q_tot       P_tot     
  0.0000E+00  0.0000E+00  0.0000E+00  0.0000E+00
  2.4609E-01  8.1037E-06 -2.7699E-06 -1.1117E-06
  4.9218E-01  1.3163E-06 -6.2244E-06 -7.3436E-06
  7.3826E-01 -1.8323E-05 -1.0373E-05 -1.6224E-05
  9.8435E-01 -3.6821E-05 -1.4207E-05 -2.3453E-05
  1.2304E+00 -4.7388E-05 -1.7004E-05 -2.8014E-05
  1.4765E+00 -5.2906E-05 -1.8960E-05 -3.0156E-05
  1.7226E+00 -5.4897E-05 -2.0310E-05 -3.1031E-05
  1.9687E+00 -5.4046E-05 -2.1274E-05 -3.1690E-05
  2.2148E+00 -5.2692E-05 -2.2140E-05 -3.1660E-05
  2.4609E+00 -5.4051E-05 -2.3255E-05 -2.9133E-05
  2.7070E+00 -5.9841E-05 -2.4919E-05 -2.3127E-05
  2.9530E+00 -7.0153E-05 -2.7326E-05 -1.4522E-05
  3.1991E+00 -8.4399E-05 -3.0513E-05 -4.9103E-06
  3.4452E+00 -1.0161E-04 -3.4332E-05  4.0346E-06
  3.6913E+00 -1.2062E-04 -3.8559E-05  1.0677E-05
  3.9374E+00 -1.4074E-04 -4.3083E-05  1.4082E-05
  4.1835E+00 -1.6184E-04 -4.7923E-05  1.4956E-05
  4.4296E+00 -1.8359E-04 -5.3035E-05  1.5470E-05
  4.6757E+00 -2.0517E-04 -5.8245E-05  1.7751E-05
  4.9217E+00 -2.2626E-04 -6.3452E-05  2.2415E-05
  5.1678E+00 -2.4757E-04 -6.8786E-05  2.8671E-05
  5.4139E+00 -2.6994E-04 -7.4440E-05  3.5100E-05
  5.6600E+00 -2.9363E-04 -8.0491E-05  4.0056E-05
  5.9061E+00 -3.1905E-04 -8.7008E-05  4.2237E-05
  6.1522E+00 -3.4720E-04 -9.4179E-05  4.1325E-05
  6.3983E+00 -3.7892E-04 -1.0218E-04  3.8129E-05
  6.6444E+00 -4.1398E-04 -1.1096E-04  3.4353E-05
  6.8904E+00 -4.5124E-04 -1.2034E-04  3.2139E-05
  7.1365E+00 -4.9022E-04 -1.3027E-04  3.3258E-05
  7.3826E+00 -5.3246E-04 -1.4116E-04  3.8251E-05
  7.6287E+00 -5.8104E-04 -1.5368E-04  4.6300E-05
  7.8748E+00 -6.3812E-04 -1.6835E-04  5.5867E-05
  8.1209E+00 -7.0394E-04 -1.8524E-04  6.5289E-05
  8.3670E+00 -7.7767E-04 -2.0425E-04  7.3322E-05
  8.6131E+00 -8.5903E-04 -2.2542E-04  7.9805E-05
  8.8591E+00 -9.4868E-04 -2.4891E-04  8.5968E-05
  9.1052E+00 -1.0471E-03 -2.7470E-04  9.3848E-05
  9.3513E+00 -1.1544E-03 -3.0264E-04  1.0537E-04
  9.5974E+00 -1.2723E-03 -3.3309E-04  1.2139E-04
  9.8435E+00 -1.4048E-03 -3.6696E-04  1.4105E-04
  1.0090E+01 -1.5551E-03 -4.0517E-04  1.6229E-04
  1.0336E+01 -1.7248E-03 -4.4817E-04  1.8269E-04
  1.0582E+01 -1.9147E-03 -4.9632E-04  2.0029E-04
  1.0828E+01 -2.1259E-03 -5.5012E-04  2.1411E-04
  1.1074E+01 -2.3580E-03 -6.0977E-04  2.2446E-04
  1.1312E+01 -2.5988E-03 -6.7249E-04  2.3273E-04
  1.1545E+01 -2.8462E-03 -7.3799E-04  2.4160E-04
  1.1778E+01 -3.1074E-03 -8.0806E-04  2.5333E-04
  1.2010E+01 -3.3884E-03 -8.8412E-04  2.6821E-04
  1.2243E+01 -3.6956E-03 -9.6772E-04  2.8391E-04
  1.2476E+01 -4.0306E-03 -1.0595E-03  2.9549E-04
  1.2709E+01 -4.3924E-03 -1.1594E-03  2.9758E-04
  1.2938E+01 -4.7747E-03 -1.2658E-03  2.8659E-04
  1.3159E+01 -5.1682E-03 -1.3766E-03  2.6156E-04
  1.3380E+01 -5.5876E-03 -1.4955E-03  2.2288E-04
  1.3594E+01 -6.0219E-03 -1.6189E-03  1.7667E-04
  1.3803E+01 -6.4766E-03 -1.7473E-03  1.2850E-04
  1.4013E+01 -6.9657E-03 -1.8839E-03  8.0895E-05
  1.4223E+01 -7.4950E-03 -2.0298E-03  3.4237E-05
  1.4432E+01 -8.0696E-03 -2.1860E-03 -1.2584E-05
  1.4642E+01 -8.6882E-03 -2.3525E-03 -6.3023E-05
  1.4844E+01 -9.3210E-03 -2.5217E-03 -1.2268E-04
  1.5043E+01 -9.9726E-03 -2.6949E-03 -1.9963E-04
  1.5241E+01 -1.0647E-02 -2.8730E-03 -2.9553E-04
  1.5440E+01 -1.1334E-02 -3.0535E-03 -4.0459E-04
  1.5639E+01 -1.2017E-02 -3.2329E-03 -5.1670E-04
  1.5831E+01 -1.2656E-02 -3.4008E-03 -6.1763E-04
  1.6020E+01 -1.3255E-02 -3.5589E-03 -7.0531E-04
  1.6208E+01 -1.3825E-02 -3.7096E-03 -7.8504E-04
  1.6397E+01 -1.4383E-02 -3.8560E-03 -8.6380E-04
  1.6585E+01 -1.4949E-02 -4.0017E-03 -9.4425E-04
  1.6774E+01 -1.5513E-02 -4.1451E-03 -1.0304E-03
  1.6963E+01 -1.6074E-02 -4.2864E-03 -1.1235E-03
  1.7151E+01 -1.6645E-02 -4.4276E-03 -1.2224E-03
  1.7340E+01 -1.7207E-02 -4.5649E-03 -1.3242E-03
  1.7529E+01 -1.7747E-02 -4.6955E-03 -1.4220E-03
  1.7717E+01 -1.8262E-02 -4.8186E-03 -1.5162E-03
  1.7906E+01 -1.8725E-02 -4.9301E-03 -1.6164E-03
  1.8094E+01 -1.9115E-02 -5.0238E-03 -1.7392E-03
  1.8283E+01 -1.9435E-02 -5.0990E-03 -1.8810E-03
  1.8472E+01 -1.9707E-02 -5.1607E-03 -2.0333E-03
  1.8660E+01 -1.9980E-02 -5.2176E-03 -2.1901E-03
  1.8849E+01 -2.0273E-02 -5.2722E-03 -2.3579E-03
  1.9038E+01 -2.0535E-02 -5.3143E-03 -2.5205E-03
  1.9226E+01 -2.0656E-02 -5.3220E-03 -2.6301E-03
  1.9410E+01 -2.0590E-02 -5.2849E-03 -2.6664E-03
  1.9589E+01 -2.0377E-02 -5.2072E-03 -2.6419E-03
  1.9768E+01 -2.0001E-02 -5.0864E-03 -2.5798E-03
  1.9947E+01 -1.9467E-02 -4.9256E-03 -2.5468E-03
  2.0126E+01 -1.8807E-02 -4.7329E-03 -2.5577E-03
  2.0305E+01 -1.8005E-02 -4.5155E-03 -2.5376E-03
  2.0484E+01 -1.7163E-02 -4.3025E-03 -2.4552E-03
  2.0663E+01 -1.6443E-02 -4.1156E-03 -2.3255E-03
  2.0842E+01 -1.5829E-02 -3.9413E-03 -2.1200E-03
  2.1021E+01 -1.5358E-02 -3.7877E-03 -1.8891E-03
  2.1200E+01 -1.5134E-02 -3.6820E-03 -1.7384E-03
  2.1377E+01 -1.5045E-02 -3.6192E-03 -1.6664E-03
  2.1547E+01 -1.4952E-02 -3.5770E-03 -1.6492E-03
  2.1717E+01 -1.4832E-02 -3.5411E-03 -1.7202E-03
  2.1887E+01 -1.4707E-02 -3.5069E-03 -1.8039E-03
  2.2057E+01 -1.4541E-02 -3.4665E-03 -1.8680E-03
  2.2227E+01 -1.4255E-02 -3.4105E-03 -1.9408E-03
  2.2396E+01 -1.3897E-02 -3.3493E-03 -1.9802E-03
  2.2566E+01 -1.3672E-02 -3.3155E-03 -2.0183E-03
  2.2736E+01 -1.3549E-02 -3.2903E-03 -2.0278E-03
  2.2906E+01 -1.3369E-02 -3.2374E-03 -2.0079E-03
  2.3076E+01 -1.3182E-02 -3.1780E-03 -1.9778E-03
  2.3246E+01 -1.3071E-02 -3.1358E-03 -1.9106E-03
  2.3416E+01 -1.3020E-02 -3.1070E-03 -1.8282E-03
  2.3586E+01 -1.3001E-02 -3.0858E-03 -1.7773E-03
  2.3756E+01 -1.2907E-02 -3.0557E-03 -1.7432E-03
  2.3926E+01 -1.2649E-02 -2.9980E-03 -1.7045E-03
  2.4096E+01 -1.2252E-02 -2.9090E-03 -1.6651E-03
  2.4266E+01 -1.1776E-02 -2.8011E-03 -1.6100E-03
  2.4436E+01 -1.1368E-02 -2.6964E-03 -1.5504E-03
  2.4606E+01 -1.1118E-02 -2.6181E-03 -1.5047E-03
  2.4776E+01 -1.0986E-02 -2.5708E-03 -1.4428E-03
  2.4946E+01 -1.0942E-02 -2.5460E-03 -1.3739E-03
  2.5116E+01 -1.0955E-02 -2.5368E-03 -1.3425E-03
  2.5286E+01 -1.0989E-02 -2.5353E-03 -1.3318E-03
  2.5456E+01 -1.1008E-02 -2.5371E-03 -1.3162E-03
  2.5626E+01 -1.0953E-02 -2.5350E-03 -1.3128E-03
  2.5796E+01 -1.0805E-02 -2.5162E-03 -1.3555E-03
  2.5966E+01 -1.0616E-02 -2.4823E-03 -1.4274E-03
  2.6136E+01 -1.0467E-02 -2.4509E-03 -1.4710E-03
  2.6306E+01 -1.0370E-02 -2.4326E-03 -1.4410E-03
  2.6476E+01 -1.0277E-02 -2.4190E-03 -1.3507E-03
  2.6646E+01 -1.0211E-02 -2.4088E-03 -1.2508E-03
  2.6816E+01 -1.0191E-02 -2.4074E-03 -1.1755E-03
  2.6986E+01 -1.0290E-02 -2.4267E-03 -1.1135E-03
  2.7156E+01 -1.0499E-02 -2.4673E-03 -1.0289E-03
  2.7326E+01 -1.0742E-02 -2.5113E-03 -9.1978E-04
  2.7501E+01 -1.1091E-02 -2.5706E-03 -7.7641E-04
  2.7680E+01 -1.1471E-02 -2.6470E-03 -6.3413E-04
  2.7858E+01 -1.1693E-02 -2.7092E-03 -5.5718E-04
  2.8037E+01 -1.1812E-02 -2.7502E-03 -5.2135E-04
  2.8215E+01 -1.1933E-02 -2.7829E-03 -4.7803E-04
  2.8394E+01 -1.2126E-02 -2.8229E-03 -4.1278E-04
  2.8572E+01 -1.2277E-02 -2.8579E-03 -3.3898E-04
  2.8751E+01 -1.2282E-02 -2.8720E-03 -2.6111E-04
  2.8929E+01 -1.2274E-02 -2.8782E-03 -1.9006E-04
  2.9108E+01 -1.2340E-02 -2.8938E-03 -1.2552E-04
  2.9292E+01 -1.2485E-02 -2.9276E-03 -4.2345E-05
  2.9480E+01 -1.2770E-02 -2.9872E-03  7.0154E-05
  2.9667E+01 -1.3133E-02 -3.0685E-03  1.5968E-04
  2.9855E+01 -1.3456E-02 -3.1452E-03  2.0370E-04
  3.0042E+01 -1.3674E-02 -3.2010E-03  2.3096E-04
  3.0229E+01 -1.3832E-02 -3.2466E-03  2.6806E-04
  3.0417E+01 -1.3980E-02 -3.2998E-03  2.6862E-04
  3.0604E+01 -1.4230E-02 -3.3729E-03  1.9396E-04
  3.0792E+01 -1.4649E-02 -3.4649E-03  8.0454E-05
  3.0979E+01 -1.4970E-02 -3.5316E-03 -4.1060E-05
  3.1166E+01 -1.5082E-02 -3.5582E-03 -1.4611E-04
  3.1354E+01 -1.5135E-02 -3.5799E-03 -2.0942E-04
  3.1541E+01 -1.5181E-02 -3.6055E-03 -2.1808E-04
  3.1728E+01 -1.5412E-02 -3.6704E-03 -2.2327E-04
  3.1915E+01 -1.5857E-02 -3.7795E-03 -2.7483E-04
  3.2089E+01 -1.6349E-02 -3.8888E-03 -3.4484E-04
  3.2257E+01 -1.6766E-02 -3.9722E-03 -4.2230E-04
  3.2425E+01 -1.7072E-02 -4.0340E-03 -5.2920E-04
  3.2592E+01 -1.7279E-02 -4.0811E-03 -6.8492E-04
  3.2760E+01 -1.7421E-02 -4.1185E-03 -8.2036E-04
  3.2928E+01 -1.7543E-02 -4.1541E-03 -8.8908E-04
  3.3096E+01 -1.7733E-02 -4.1982E-03 -8.4174E-04
  3.3263E+01 -1.8004E-02 -4.2545E-03 -7.2624E-04
  3.3431E+01 -1.8404E-02 -4.3309E-03 -6.5564E-04
  3.3599E+01 -1.8777E-02 -4.4008E-03 -6.0918E-04
  3.3767E+01 -1.8963E-02 -4.4419E-03 -4.9185E-04
  3.3935E+01 -1.9048E-02 -4.4630E-03 -3.4088E-04
  3.4102E+01 -1.9181E-02 -4.4756E-03 -1.7276E-04
  3.4270E+01 -1.9306E-02 -4.4721E-03  8.1268E-05
  3.4438E+01 -1.9156E-02 -4.4218E-03  3.8145E-04
  3.4606E+01 -1.8735E-02 -4.3273E-03  6.0048E-04
  3.4773E+01 -1.8217E-02 -4.2167E-03  6.7232E-04
  3.4941E+01 -1.7713E-02 -4.1163E-03  6.0854E-04
  3.5109E+01 -1.7315E-02 -4.0430E-03  5.5466E-04
  3.5277E+01 -1.7206E-02 -4.0236E-03  5.7437E-04
  3.5444E+01 -1.7328E-02 -4.0449E-03  6.1038E-04
  3.5612E+01 -1.7456E-02 -4.0708E-03  5.8127E-04
  3.5780E+01 -1.7462E-02 -4.0755E-03  5.0346E-04
  3.5949E+01 -1.7410E-02 -4.0666E-03  4.9170E-04
  3.6125E+01 -1.7394E-02 -4.0620E-03  5.3997E-04
  3.6301E+01 -1.7451E-02 -4.0621E-03  5.2169E-04
  3.6477E+01 -1.7521E-02 -4.0573E-03  4.3516E-04
  3.6653E+01 -1.7518E-02 -4.0365E-03  3.4663E-04
  3.6829E+01 -1.7318E-02 -3.9817E-03  2.9196E-04
  3.7006E+01 -1.6939E-02 -3.8919E-03  2.5205E-04
  3.7182E+01 -1.6491E-02 -3.7886E-03  2.3662E-04
  3.7358E+01 -1.6171E-02 -3.7064E-03  2.1389E-04
  3.7534E+01 -1.5961E-02 -3.6379E-03  1.8652E-04
  3.7710E+01 -1.5729E-02 -3.5656E-03  2.3632E-04
  3.7886E+01 -1.5464E-02 -3.4908E-03  3.9683E-04
  3.8063E+01 -1.5148E-02 -3.4151E-03  5.9838E-04
  3.8239E+01 -1.4641E-02 -3.3163E-03  7.9209E-04
  3.8415E+01 -1.4147E-02 -3.2201E-03  9.5422E-04
  3.8591E+01 -1.3868E-02 -3.1612E-03  1.0751E-03
  3.8767E+01 -1.3724E-02 -3.1329E-03  1.1504E-03
  3.8943E+01 -1.3547E-02 -3.1022E-03  1.2553E-03
  3.9119E+01 -1.3308E-02 -3.0571E-03  1.4249E-03
  3.9296E+01 -1.3077E-02 -3.0106E-03  1.6168E-03
  3.9472E+01 -1.2944E-02 -2.9774E-03  1.7628E-03
  3.9648E+01 -1.2876E-02 -2.9572E-03  1.8253E-03
  3.9824E+01 -1.2792E-02 -2.9355E-03  1.7826E-03
  4.0000E+01 -1.2655E-02 -2.9062E-03  1.6683E-03
  4.0176E+01 -1.2566E-02 -2.8946E-03  1.5604E-03
  4.0353E+01 -1.2717E-02 -2.9298E-03  1.4855E-03
  4.0529E+01 -1.3179E-02 -3.0104E-03  1.4250E-03
  4.0705E+01 -1.3776E-02 -3.1094E-03  1.3108E-03
  4.0881E+01 -1.4274E-02 -3.2027E-03  1.1431E-03
  4.1057E+01 -1.4605E-02 -3.2712E-03  9.9664E-04
  4.1233E+01 -1.4703E-02 -3.2941E-03  8.4905E-04
  4.1410E+01 -1.4592E-02 -3.2739E-03  7.0042E-04
  4.1586E+01 -1.4428E-02 -3.2374E-03  6.1467E-04
  4.1762E+01 -1.4341E-02 -3.2181E-03  5.6960E-04
  4.1938E+01 -1.4272E-02 -3.2137E-03  4.7824E-04
  4.2117E+01 -1.4156E-02 -3.2084E-03  3.7319E-04
  4.2302E+01 -1.4141E-02 -3.2204E-03  3.1311E-04
  4.2487E+01 -1.4202E-02 -3.2343E-03  3.5372E-04
  4.2672E+01 -1.4140E-02 -3.2138E-03  4.2119E-04
  4.2857E+01 -1.3905E-02 -3.1539E-03  4.5711E-04
  4.3042E+01 -1.3640E-02 -3.0896E-03  4.9228E-04
  4.3227E+01 -1.3465E-02 -3.0521E-03  5.6832E-04
  4.3412E+01 -1.3408E-02 -3.0459E-03  6.6857E-04
  4.3597E+01 -1.3609E-02 -3.0841E-03  7.3492E-04
  4.3781E+01 -1.4096E-02 -3.1746E-03  7.8971E-04
  4.3966E+01 -1.4679E-02 -3.2976E-03  8.8791E-04
  4.4151E+01 -1.5129E-02 -3.4071E-03  9.6878E-04
  4.4336E+01 -1.5343E-02 -3.4759E-03  1.0337E-03
  4.4521E+01 -1.5439E-02 -3.5237E-03  1.0721E-03
  4.4706E+01 -1.5634E-02 -3.5852E-03  1.0317E-03
  4.4891E+01 -1.6008E-02 -3.6753E-03  9.7169E-04
  4.5076E+01 -1.6560E-02 -3.7918E-03  9.5338E-04
  4.5261E+01 -1.7272E-02 -3.9287E-03  9.6476E-04
  4.5446E+01 -1.8132E-02 -4.0836E-03  1.0231E-03
  4.5631E+01 -1.8830E-02 -4.2073E-03  1.0877E-03
  4.5816E+01 -1.9073E-02 -4.2553E-03  1.0935E-03
  4.6001E+01 -1.9042E-02 -4.2687E-03  9.9328E-04
  4.6186E+01 -1.9144E-02 -4.3057E-03  8.1597E-04
  4.6371E+01 -1.9427E-02 -4.3716E-03  6.6434E-04
  4.6556E+01 -1.9473E-02 -4.3909E-03  5.8201E-04
  4.6741E+01 -1.9129E-02 -4.3316E-03  5.4302E-04
  4.6926E+01 -1.8795E-02 -4.2605E-03  5.4165E-04
  4.7111E+01 -1.8810E-02 -4.2466E-03  5.7120E-04
  4.7296E+01 -1.9037E-02 -4.2793E-03  5.6184E-04
  4.7481E+01 -1.9151E-02 -4.3118E-03  5.3215E-04
  4.7666E+01 -1.9223E-02 -4.3458E-03  5.3201E-04
  4.7851E+01 -1.9578E-02 -4.4197E-03  4.9656E-04
  4.8036E+01 -2.0043E-02 -4.5083E-03  3.9787E-04
  4.8221E+01 -2.0391E-02 -4.5861E-03  2.8001E-04
  4.8406E+01 -2.0652E-02 -4.6539E-03  1.5287E-04
  4.8591E+01 -2.0917E-02 -4.7119E-03  1.5615E-05
  4.8776E+01 -2.1072E-02 -4.7403E-03 -1.1472E-04
  4.8961E+01 -2.1103E-02 -4.7422E-03 -1.6458E-04
  4.9146E+01 -2.1104E-02 -4.7435E-03 -1.2444E-04
  4.9330E+01 -2.1255E-02 -4.7819E-03 -8.2673E-05
  4.9515E+01 -2.1413E-02 -4.8280E-03 -1.2170E-04
  4.9700E+01 -2.1463E-02 -4.8496E-03 -1.9195E-04
  4.9885E+01 -2.1531E-02 -4.8586E-03 -2.1224E-04
  5.0070E+01 -2.1705E-02 -4.8807E-03 -1.2949E-04
  5.0255E+01 -2.1887E-02 -4.9125E-03  4.5550E-06
  5.0440E+01 -2.2065E-02 -4.9576E-03  6.9805E-05
  5.0625E+01 -2.2334E-02 -5.0347E-03  2.8955E-05
  5.0810E+01 -2.2758E-02 -5.1359E-03 -7.9588E-05
  5.0995E+01 -2.3138E-02 -5.2109E-03 -2.5808E-04
  5.1180E+01 -2.3291E-02 -5.2276E-03 -5.0269E-04
  5.1365E+01 -2.3201E-02 -5.1978E-03 -6.7102E-04
  5.1550E+01 -2.3035E-02 -5.1560E-03 -6.6754E-04
  5.1735E+01 -2.2905E-02 -5.1283E-03 -5.1715E-04
  5.1920E+01 -2.2864E-02 -5.1216E-03 -3.7327E-04
  5.2105E+01 -2.2691E-02 -5.1005E-03 -3.5176E-04
  5.2290E+01 -2.2328E-02 -5.0451E-03 -3.4210E-04
  5.2475E+01 -2.1932E-02 -4.9746E-03 -2.0241E-04
  5.2660E+01 -2.1818E-02 -4.9452E-03 -2.2609E-05
  5.2845E+01 -2.2295E-02 -5.0066E-03  3.3039E-05
  5.3030E+01 -2.3119E-02 -5.1280E-03 -3.1770E-05
  5.3215E+01 -2.3656E-02 -5.2228E-03 -9.1992E-05
  5.3400E+01 -2.3763E-02 -5.2553E-03 -1.6604E-04
  5.3585E+01 -2.3658E-02 -5.2435E-03 -3.1293E-04
  5.3770E+01 -2.3295E-02 -5.1783E-03 -4.6342E-04
  5.3955E+01 -2.2772E-02 -5.0813E-03 -5.8475E-04
  5.4140E+01 -2.2215E-02 -4.9806E-03 -7.0909E-04
  5.4325E+01 -2.1747E-02 -4.8961E-03 -8.3235E-04
  5.4510E+01 -2.1518E-02 -4.8378E-03 -9.2691E-04
  5.4694E+01 -2.1535E-02 -4.8188E-03 -1.0139E-03
  5.4879E+01 -2.1526E-02 -4.8138E-03 -1.1144E-03
  5.5064E+01 -2.1573E-02 -4.8293E-03 -1.2468E-03
  5.5249E+01 -2.1694E-02 -4.8669E-03 -1.4313E-03
  5.5434E+01 -2.1785E-02 -4.8995E-03 -1.6230E-03
  5.5619E+01 -2.1844E-02 -4.9150E-03 -1.7209E-03
  5.5804E+01 -2.2032E-02 -4.9495E-03 -1.6755E-03
  5.5989E+01 -2.2400E-02 -5.0167E-03 -1.5454E-03
  5.6174E+01 -2.2814E-02 -5.0951E-03 -1.3513E-03
  5.6357E+01 -2.2983E-02 -5.1270E-03 -1.1108E-03
  5.6533E+01 -2.2740E-02 -5.0848E-03 -8.3281E-04
  5.6708E+01 -2.2317E-02 -5.0122E-03 -5.6133E-04
  5.6883E+01 -2.1911E-02 -4.9419E-03 -3.8998E-04
  5.7058E+01 -2.1688E-02 -4.8962E-03 -3.4722E-04
  5.7234E+01 -2.1737E-02 -4.9064E-03 -3.9153E-04
  5.7409E+01 -2.1896E-02 -4.9676E-03 -4.3322E-04
  5.7584E+01 -2.2132E-02 -5.0511E-03 -4.5231E-04
  5.7760E+01 -2.2395E-02 -5.1285E-03 -4.1649E-04
  5.7935E+01 -2.2697E-02 -5.1969E-03 -3.3343E-04
  5.8110E+01 -2.2922E-02 -5.2517E-03 -2.0245E-04
  5.8286E+01 -2.3150E-02 -5.3134E-03  3.0560E-05
  5.8461E+01 -2.3569E-02 -5.4211E-03  3.5034E-04
  5.8636E+01 -2.4171E-02 -5.5618E-03  5.4287E-04
  5.8812E+01 -2.4815E-02 -5.7071E-03  6.1410E-04
  5.8987E+01 -2.5339E-02 -5.8316E-03  7.1705E-04
  5.9162E+01 -2.5536E-02 -5.8877E-03  8.7246E-04
  5.9328E+01 -2.5655E-02 -5.9131E-03  9.6551E-04
  5.9494E+01 -2.6051E-02 -5.9815E-03  1.0499E-03
  5.9661E+01 -2.6808E-02 -6.1097E-03  1.2832E-03
  5.9827E+01 -2.7503E-02 -6.2329E-03  1.5251E-03
  5.9993E+01 -2.7572E-02 -6.2530E-03  1.6020E-03
  6.0159E+01 -2.7324E-02 -6.2126E-03  1.5766E-03
  6.0325E+01 -2.6997E-02 -6.1504E-03  1.4899E-03
  6.0491E+01 -2.6727E-02 -6.0889E-03  1.3455E-03
  6.0648E+01 -2.6709E-02 -6.0810E-03  1.2409E-03
  6.0805E+01 -2.6784E-02 -6.1046E-03  1.2079E-03
  6.0963E+01 -2.6856E-02 -6.1248E-03  1.2504E-03
  6.1120E+01 -2.7021E-02 -6.1417E-03  1.2230E-03
  6.1277E+01 -2.7174E-02 -6.1446E-03  1.0812E-03
  6.1434E+01 -2.6828E-02 -6.0706E-03  8.6659E-04
  6.1592E+01 -2.6076E-02 -5.9270E-03  5.4282E-04
  6.1749E+01 -2.5634E-02 -5.8290E-03  2.1388E-04
  6.1906E+01 -2.5689E-02 -5.8160E-03  8.1407E-05
  6.2063E+01 -2.5684E-02 -5.8023E-03  9.3068E-05
  6.2221E+01 -2.5514E-02 -5.7678E-03  3.0939E-05
  6.2378E+01 -2.5459E-02 -5.7391E-03 -1.2520E-04
  6.2535E+01 -2.5669E-02 -5.7440E-03 -2.9197E-04
  6.2692E+01 -2.5868E-02 -5.7454E-03 -4.1357E-04
  6.2849E+01 -2.5801E-02 -5.7081E-03 -4.9158E-04
  6.3007E+01 -2.5523E-02 -5.6504E-03 -4.7594E-04
  6.3164E+01 -2.5282E-02 -5.6015E-03 -3.9183E-04
  6.3321E+01 -2.4921E-02 -5.5377E-03 -2.7678E-04
  6.3478E+01 -2.4556E-02 -5.4802E-03 -1.2251E-04
  6.3636E+01 -2.4574E-02 -5.4865E-03  4.1548E-05
  6.3793E+01 -2.4823E-02 -5.5322E-03  1.5334E-04
  6.3950E+01 -2.4883E-02 -5.5490E-03  1.6456E-04
  6.4107E+01 -2.4507E-02 -5.4920E-03  1.0384E-04
  6.4272E+01 -2.3848E-02 -5.3765E-03  1.0765E-04
  6.4437E+01 -2.3264E-02 -5.2687E-03  2.6068E-04
  6.4603E+01 -2.2769E-02 -5.1886E-03  4.0185E-04
  6.4768E+01 -2.2406E-02 -5.1312E-03  3.6631E-04
  6.4933E+01 -2.2465E-02 -5.1368E-03  1.7161E-04
  6.5098E+01 -2.2624E-02 -5.1578E-03 -3.3344E-05
  6.5263E+01 -2.2679E-02 -5.1539E-03 -1.5090E-04
  6.5428E+01 -2.2652E-02 -5.1260E-03 -3.0720E-04
  6.5593E+01 -2.2293E-02 -5.0299E-03 -5.3075E-04
  6.5758E+01 -2.1890E-02 -4.9163E-03 -6.1501E-04
  6.5923E+01 -2.1786E-02 -4.8571E-03 -5.2289E-04
  6.6088E+01 -2.1681E-02 -4.8177E-03 -4.9505E-04
  6.6253E+01 -2.1121E-02 -4.7215E-03 -6.6267E-04
  6.6418E+01 -2.0288E-02 -4.5662E-03 -8.7417E-04
  6.6584E+01 -1.9427E-02 -4.3839E-03 -1.0806E-03
  6.6749E+01 -1.8566E-02 -4.2097E-03 -1.2911E-03
  6.6914E+01 -1.7938E-02 -4.0871E-03 -1.4022E-03
  6.7079E+01 -1.7541E-02 -4.0002E-03 -1.3587E-03
  6.7247E+01 -1.7022E-02 -3.8864E-03 -1.3013E-03
  6.7421E+01 -1.6616E-02 -3.7807E-03 -1.4121E-03
  6.7594E+01 -1.6579E-02 -3.7401E-03 -1.6500E-03
  6.7767E+01 -1.6577E-02 -3.7200E-03 -1.8176E-03
  6.7941E+01 -1.6332E-02 -3.6737E-03 -1.7354E-03
  6.8114E+01 -1.6074E-02 -3.6330E-03 -1.4375E-03
  6.8287E+01 -1.5954E-02 -3.6113E-03 -1.1590E-03
  6.8461E+01 -1.5855E-02 -3.5840E-03 -9.6792E-04
  6.8634E+01 -1.5811E-02 -3.5682E-03 -7.4842E-04
  6.8807E+01 -1.5886E-02 -3.5763E-03 -4.7851E-04
  6.8981E+01 -1.5926E-02 -3.5920E-03 -1.9616E-04
  6.9154E+01 -1.5845E-02 -3.6066E-03  2.0462E-05
  6.9327E+01 -1.5703E-02 -3.6055E-03  7.2150E-05
  6.9501E+01 -1.5672E-02 -3.6010E-03  5.0834E-05
  6.9674E+01 -1.5647E-02 -3.5757E-03  6.8149E-05
  6.9847E+01 -1.5546E-02 -3.5239E-03  6.7741E-05
  7.0021E+01 -1.5343E-02 -3.4468E-03  4.8393E-05
  7.0194E+01 -1.4851E-02 -3.3304E-03  8.7141E-05
  7.0367E+01 -1.4202E-02 -3.2020E-03  1.3128E-04
  7.0541E+01 -1.3569E-02 -3.0821E-03  9.5714E-05
  7.0714E+01 -1.3025E-02 -2.9730E-03 -5.8806E-06
  7.0887E+01 -1.2711E-02 -2.8950E-03 -1.6832E-04
  7.1061E+01 -1.2529E-02 -2.8390E-03 -3.4465E-04
  7.1234E+01 -1.2394E-02 -2.7994E-03 -4.8969E-04
  7.1407E+01 -1.2274E-02 -2.7735E-03 -6.0513E-04
  7.1581E+01 -1.2237E-02 -2.7614E-03 -6.8694E-04
  7.1754E+01 -1.2417E-02 -2.7839E-03 -7.3484E-04
  7.1927E+01 -1.2564E-02 -2.7991E-03 -7.9858E-04
  7.2101E+01 -1.2400E-02 -2.7579E-03 -8.9811E-04
  7.2274E+01 -1.2118E-02 -2.6944E-03 -1.0134E-03
  7.2447E+01 -1.2167E-02 -2.6900E-03 -1.0891E-03
  7.2621E+01 -1.2592E-02 -2.7565E-03 -1.1009E-03
  7.2794E+01 -1.2955E-02 -2.8173E-03 -1.0898E-03
  7.2967E+01 -1.3123E-02 -2.8486E-03 -1.0771E-03
  7.3141E+01 -1.3209E-02 -2.8645E-03 -1.1082E-03
  7.3320E+01 -1.3229E-02 -2.8658E-03 -1.1722E-03
  7.3502E+01 -1.3064E-02 -2.8359E-03 -1.1166E-03
  7.3684E+01 -1.2779E-02 -2.7783E-03 -9.3025E-04
  7.3866E+01 -1.2594E-02 -2.7333E-03 -7.8834E-04
  7.4048E+01 -1.2450E-02 -2.7030E-03 -7.5204E-04
  7.4230E+01 -1.2424E-02 -2.6859E-03 -7.6605E-04
  7.4412E+01 -1.2490E-02 -2.6840E-03 -7.2634E-04
  7.4594E+01 -1.2565E-02 -2.6987E-03 -6.4592E-04
  7.4776E+01 -1.2639E-02 -2.7232E-03 -5.9470E-04
  7.4958E+01 -1.2584E-02 -2.7348E-03 -5.5602E-04
  7.5140E+01 -1.2507E-02 -2.7417E-03 -5.1625E-04
  7.5322E+01 -1.2625E-02 -2.7662E-03 -5.1550E-04
  7.5504E+01 -1.2844E-02 -2.7942E-03 -5.4830E-04
  7.5686E+01 -1.2884E-02 -2.7923E-03 -5.3776E-04
  7.5868E+01 -1.2804E-02 -2.7797E-03 -4.5676E-04
  7.6050E+01 -1.2800E-02 -2.7868E-03 -3.3993E-04
  7.6232E+01 -1.2853E-02 -2.8038E-03 -2.1029E-04
  7.6414E+01 -1.2922E-02 -2.8193E-03 -9.9675E-05
  7.6596E+01 -1.2927E-02 -2.8198E-03 -6.1984E-05
  7.6778E+01 -1.2897E-02 -2.8144E-03 -6.2114E-05
  7.6960E+01 -1.3016E-02 -2.8354E-03 -1.0373E-04
  7.7142E+01 -1.3351E-02 -2.8970E-03 -2.3675E-04
  7.7324E+01 -1.3715E-02 -2.9731E-03 -3.9282E-04
  7.7506E+01 -1.4123E-02 -3.0618E-03 -4.9192E-04
  7.7688E+01 -1.4700E-02 -3.1783E-03 -5.2051E-04
  7.7870E+01 -1.5302E-02 -3.3030E-03 -5.2031E-04
  7.8052E+01 -1.5735E-02 -3.4015E-03 -4.8562E-04
  7.8234E+01 -1.5972E-02 -3.4633E-03 -3.9921E-04
  7.8416E+01 -1.6212E-02 -3.5188E-03 -2.5161E-04
  7.8598E+01 -1.6345E-02 -3.5614E-03 -1.3884E-04
  7.8780E+01 -1.6236E-02 -3.5733E-03 -9.0422E-05
  7.8963E+01 -1.6121E-02 -3.5790E-03 -1.0229E-04
  7.9145E+01 -1.6390E-02 -3.6247E-03 -1.4862E-04
  7.9327E+01 -1.6850E-02 -3.6902E-03 -2.3478E-04
  7.9509E+01 -1.7113E-02 -3.7258E-03 -3.8025E-04
  7.9696E+01 -1.7143E-02 -3.7362E-03 -5.3005E-04
  7.9887E+01 -1.7144E-02 -3.7522E-03 -6.3689E-04
  8.0078E+01 -1.7171E-02 -3.7766E-03 -7.3911E-04
  8.0269E+01 -1.7211E-02 -3.8099E-03 -8.3563E-04
  8.0460E+01 -1.7338E-02 -3.8571E-03 -8.5572E-04
  8.0652E+01 -1.7658E-02 -3.9321E-03 -8.6523E-04
  8.0843E+01 -1.8065E-02 -4.0128E-03 -8.6515E-04
  8.1034E+01 -1.8320E-02 -4.0593E-03 -8.2895E-04
  8.1225E+01 -1.8349E-02 -4.0633E-03 -7.4013E-04
  8.1416E+01 -1.8054E-02 -4.0179E-03 -6.3071E-04
  8.1607E+01 -1.7648E-02 -3.9510E-03 -5.3778E-04
  8.1798E+01 -1.7382E-02 -3.8969E-03 -4.4065E-04
  8.1989E+01 -1.7269E-02 -3.8603E-03 -2.7941E-04
  8.2180E+01 -1.7206E-02 -3.8397E-03 -1.5025E-04
  8.2372E+01 -1.7195E-02 -3.8238E-03 -1.0194E-04
  8.2563E+01 -1.7373E-02 -3.8302E-03 -7.6825E-05
  8.2754E+01 -1.7669E-02 -3.8659E-03 -1.2613E-05
  8.2945E+01 -1.7856E-02 -3.8977E-03  5.4635E-05
  8.3136E+01 -1.8004E-02 -3.9285E-03  1.3728E-04
  8.3327E+01 -1.8138E-02 -3.9594E-03  2.4936E-04
  8.3518E+01 -1.8046E-02 -3.9564E-03  3.4032E-04
  8.3709E+01 -1.7691E-02 -3.9128E-03  4.3384E-04
  8.3900E+01 -1.7282E-02 -3.8573E-03  5.9405E-04
  8.4092E+01 -1.7065E-02 -3.8302E-03  7.3847E-04
  8.4283E+01 -1.7089E-02 -3.8382E-03  7.7535E-04
  8.4474E+01 -1.7341E-02 -3.8815E-03  6.7844E-04
  8.4663E+01 -1.7723E-02 -3.9425E-03  5.1458E-04
  8.4844E+01 -1.8049E-02 -3.9891E-03  3.5098E-04
  8.5026E+01 -1.7997E-02 -3.9725E-03  1.9876E-04
  8.5207E+01 -1.7601E-02 -3.9053E-03  8.8759E-05
  8.5389E+01 -1.7254E-02 -3.8538E-03  2.3265E-06
  8.5570E+01 -1.7235E-02 -3.8548E-03 -9.3027E-05
  8.5752E+01 -1.7379E-02 -3.8807E-03 -1.3882E-04
  8.5933E+01 -1.7335E-02 -3.8851E-03 -9.0002E-05
  8.6114E+01 -1.7053E-02 -3.8463E-03  3.2126E-05
  8.6296E+01 -1.6839E-02 -3.8095E-03  1.7385E-04
  8.6477E+01 -1.6935E-02 -3.8336E-03  2.5787E-04
  8.6659E+01 -1.7397E-02 -3.9267E-03  2.5950E-04
  8.6840E+01 -1.8045E-02 -4.0596E-03  2.4224E-04
  8.7022E+01 -1.8559E-02 -4.1796E-03  2.4205E-04
  8.7203E+01 -1.8996E-02 -4.2727E-03  1.9716E-04
  8.7385E+01 -1.9453E-02 -4.3540E-03  1.1099E-04
  8.7566E+01 -1.9738E-02 -4.4120E-03  5.2543E-05
  8.7747E+01 -1.9915E-02 -4.4641E-03  7.0656E-05
  8.7935E+01 -2.0128E-02 -4.5232E-03  1.0598E-04
  8.8126E+01 -2.0239E-02 -4.5663E-03  9.8660E-05
  8.8316E+01 -2.0213E-02 -4.5832E-03  5.5864E-05
  8.8507E+01 -2.0232E-02 -4.6003E-03 -4.0097E-05
  8.8697E+01 -2.0346E-02 -4.6333E-03 -1.4946E-04
  8.8888E+01 -2.0455E-02 -4.6707E-03 -2.5197E-04
  8.9078E+01 -2.0352E-02 -4.6778E-03 -2.9072E-04
  8.9269E+01 -2.0318E-02 -4.6911E-03 -2.5055E-04
  8.9459E+01 -2.0636E-02 -4.7500E-03 -2.1479E-04
  8.9650E+01 -2.1133E-02 -4.8360E-03 -1.7618E-04
  8.9840E+01 -2.1558E-02 -4.9166E-03 -2.4151E-05
  9.0031E+01 -2.1932E-02 -4.9824E-03  1.5479E-04
  9.0222E+01 -2.2247E-02 -5.0368E-03  1.9262E-04
  9.0412E+01 -2.2562E-02 -5.0935E-03  1.2238E-04
  9.0603E+01 -2.2968E-02 -5.1632E-03  1.6654E-06
  9.0793E+01 -2.3298E-02 -5.2225E-03 -1.6933E-04
  9.0984E+01 -2.3354E-02 -5.2368E-03 -3.1497E-04
  9.1174E+01 -2.3066E-02 -5.1797E-03 -3.6709E-04
  9.1365E+01 -2.2684E-02 -5.0977E-03 -2.7411E-04
  9.1555E+01 -2.2474E-02 -5.0492E-03 -2.0711E-04
  9.1746E+01 -2.2393E-02 -5.0430E-03 -2.8457E-04
  9.1936E+01 -2.2356E-02 -5.0519E-03 -4.2318E-04
  9.2127E+01 -2.2137E-02 -5.0189E-03 -4.6417E-04
  9.2317E+01 -2.1594E-02 -4.9159E-03 -4.1166E-04
  9.2508E+01 -2.0874E-02 -4.7769E-03 -2.9721E-04
  9.2698E+01 -2.0289E-02 -4.6657E-03 -1.3120E-04
  9.2889E+01 -2.0037E-02 -4.6078E-03  5.4886E-05
  9.3079E+01 -1.9982E-02 -4.5753E-03  2.1064E-04
  9.3270E+01 -1.9783E-02 -4.5079E-03  3.2199E-04
  9.3451E+01 -1.9416E-02 -4.4080E-03  3.7060E-04
  9.3632E+01 -1.9157E-02 -4.3380E-03  3.8058E-04
  9.3813E+01 -1.8802E-02 -4.2618E-03  3.6284E-04
  9.3993E+01 -1.8358E-02 -4.1657E-03  2.6279E-04
  9.4174E+01 -1.8108E-02 -4.0950E-03  1.8374E-04
  9.4355E+01 -1.7935E-02 -4.0379E-03  1.7316E-04
  9.4536E+01 -1.7639E-02 -3.9738E-03  1.6724E-04
  9.4716E+01 -1.7426E-02 -3.9346E-03  1.8797E-04
  9.4897E+01 -1.7232E-02 -3.9069E-03  2.2717E-04
  9.5078E+01 -1.6748E-02 -3.8304E-03  2.8778E-04
  9.5258E+01 -1.6190E-02 -3.7341E-03  3.2226E-04
  9.5439E+01 -1.5943E-02 -3.6789E-03  3.9668E-04
  9.5620E+01 -1.6006E-02 -3.6684E-03  5.3451E-04
  9.5800E+01 -1.6125E-02 -3.6747E-03  6.4209E-04
  9.5981E+01 -1.6151E-02 -3.6791E-03  6.5816E-04
  9.6162E+01 -1.6291E-02 -3.7175E-03  5.5570E-04
  9.6342E+01 -1.6700E-02 -3.8007E-03  4.3057E-04
  9.6523E+01 -1.7183E-02 -3.8838E-03  2.9567E-04
  9.6704E+01 -1.7506E-02 -3.9297E-03  1.4622E-04
  9.6884E+01 -1.7629E-02 -3.9337E-03  8.0511E-05
  9.7065E+01 -1.7456E-02 -3.8829E-03  9.1955E-05
  9.7246E+01 -1.6992E-02 -3.7766E-03  9.9340E-05
  9.7426E+01 -1.6386E-02 -3.6484E-03  1.1884E-04
  9.7607E+01 -1.5883E-02 -3.5509E-03  1.2770E-04
  9.7788E+01 -1.5519E-02 -3.4921E-03  5.4671E-05
  9.7968E+01 -1.5400E-02 -3.4762E-03 -3.8079E-05
  9.8149E+01 -1.5679E-02 -3.5212E-03 -1.3856E-04
  9.8330E+01 -1.6073E-02 -3.5911E-03 -3.1721E-04
  9.8510E+01 -1.6410E-02 -3.6655E-03 -5.4872E-04
  9.8691E+01 -1.6668E-02 -3.7285E-03 -7.4792E-04
  9.8872E+01 -1.6690E-02 -3.7427E-03 -8.4695E-04
  9.9052E+01 -1.6549E-02 -3.7212E-03 -8.6720E-04
  9.9233E+01 -1.6437E-02 -3.7025E-03 -8.3455E-04
  9.9414E+01 -1.6236E-02 -3.6773E-03 -7.5758E-04
  9.9594E+01 -1.5835E-02 -3.6209E-03 -6.7764E-04
  9.9775E+01 -1.5409E-02 -3.5472E-03 -6.5372E-04
  9.9956E+01 -1.5059E-02 -3.4725E-03 -6.7436E-04
  1.0014E+02 -1.4951E-02 -3.4343E-03 -6.3413E-04
  1.0032E+02 -1.5156E-02 -3.4564E-03 -5.0383E-04
  1.0050E+02 -1.5415E-02 -3.4997E-03 -3.2534E-04
  1.0068E+02 -1.5598E-02 -3.5363E-03 -1.1476E-04
  1.0086E+02 -1.5783E-02 -3.5650E-03  5.7448E-05
  1.0104E+02 -1.5992E-02 -3.6015E-03  1.1023E-04
  1.0122E+02 -1.6276E-02 -3.6534E-03  6.5557E-05
  1.0140E+02 -1.6519E-02 -3.7053E-03 -8.5431E-06
  1.0158E+02 -1.6513E-02 -3.7183E-03 -7.9612E-05
  1.0176E+02 -1.6284E-02 -3.6994E-03 -9.6992E-05
  1.0194E+02 -1.5860E-02 -3.6443E-03  9.3580E-06
  1.0212E+02 -1.5417E-02 -3.5621E-03  2.1535E-04
  1.0230E+02 -1.5113E-02 -3.4797E-03  3.6740E-04
  1.0249E+02 -1.4913E-02 -3.4106E-03  4.0887E-04
  1.0267E+02 -1.4793E-02 -3.3687E-03  3.8593E-04
  1.0285E+02 -1.4764E-02 -3.3621E-03  3.7634E-04
  1.0303E+02 -1.4821E-02 -3.3737E-03  3.7195E-04
  1.0321E+02 -1.4894E-02 -3.3734E-03  3.9425E-04
  1.0339E+02 -1.4796E-02 -3.3341E-03  4.8099E-04
  1.0357E+02 -1.4537E-02 -3.2648E-03  6.1052E-04
  1.0375E+02 -1.4264E-02 -3.1930E-03  7.3008E-04
  1.0393E+02 -1.4088E-02 -3.1494E-03  8.6994E-04
  1.0411E+02 -1.3960E-02 -3.1273E-03  1.0121E-03
  1.0429E+02 -1.3803E-02 -3.1034E-03  1.0713E-03
  1.0447E+02 -1.3588E-02 -3.0636E-03  1.0626E-03
  1.0465E+02 -1.3390E-02 -3.0234E-03  9.9438E-04
  1.0483E+02 -1.3243E-02 -2.9900E-03  8.9352E-04
  1.0501E+02 -1.3293E-02 -2.9914E-03  8.5179E-04
  1.0520E+02 -1.3611E-02 -3.0484E-03  8.7023E-04
  1.0538E+02 -1.4042E-02 -3.1323E-03  8.7675E-04
  1.0556E+02 -1.4505E-02 -3.2301E-03  8.7042E-04
  1.0574E+02 -1.4910E-02 -3.3270E-03  8.6215E-04
  1.0592E+02 -1.5000E-02 -3.3707E-03  7.9910E-04
  1.0610E+02 -1.4857E-02 -3.3659E-03  7.1890E-04
  1.0628E+02 -1.4919E-02 -3.3869E-03  6.6502E-04
  1.0647E+02 -1.5259E-02 -3.4490E-03  5.7568E-04
  1.0666E+02 -1.5527E-02 -3.4947E-03  4.4015E-04
  1.0685E+02 -1.5340E-02 -3.4636E-03  3.5268E-04
  1.0704E+02 -1.4927E-02 -3.3896E-03  3.0134E-04
  1.0723E+02 -1.4768E-02 -3.3576E-03  1.5982E-04
  1.0742E+02 -1.4961E-02 -3.3933E-03 -3.9692E-06
  1.0761E+02 -1.5317E-02 -3.4734E-03 -1.0718E-04
  1.0780E+02 -1.5861E-02 -3.5935E-03 -1.9487E-04
  1.0798E+02 -1.6683E-02 -3.7519E-03 -2.2612E-04
  1.0817E+02 -1.7473E-02 -3.8982E-03 -2.6963E-04
  1.0836E+02 -1.8035E-02 -4.0003E-03 -3.9249E-04
  1.0855E+02 -1.8326E-02 -4.0590E-03 -5.4239E-04
  1.0874E+02 -1.8243E-02 -4.0608E-03 -6.5175E-04
  1.0893E+02 -1.7979E-02 -4.0212E-03 -6.4348E-04
  1.0912E+02 -1.7786E-02 -3.9703E-03 -4.8791E-04
  1.0931E+02 -1.7614E-02 -3.9129E-03 -3.1505E-04
  1.0950E+02 -1.7459E-02 -3.8696E-03 -2.5570E-04
  1.0969E+02 -1.7344E-02 -3.8489E-03 -3.5333E-04
  1.0988E+02 -1.7226E-02 -3.8371E-03 -4.9768E-04
  1.1007E+02 -1.7165E-02 -3.8275E-03 -6.1742E-04
  1.1026E+02 -1.7306E-02 -3.8338E-03 -7.1866E-04
  1.1045E+02 -1.7412E-02 -3.8292E-03 -7.7289E-04
  1.1064E+02 -1.7358E-02 -3.8068E-03 -7.5241E-04
  1.1083E+02 -1.7130E-02 -3.7748E-03 -7.1956E-04
  1.1102E+02 -1.6729E-02 -3.7253E-03 -7.3357E-04
  1.1121E+02 -1.6377E-02 -3.6717E-03 -7.0457E-04
  1.1140E+02 -1.6159E-02 -3.6295E-03 -5.9564E-04
  1.1158E+02 -1.6054E-02 -3.6107E-03 -4.9339E-04
  1.1176E+02 -1.5827E-02 -3.5826E-03 -4.4073E-04
  1.1194E+02 -1.5487E-02 -3.5393E-03 -3.9716E-04
  1.1212E+02 -1.5145E-02 -3.4899E-03 -3.2406E-04
  1.1230E+02 -1.4974E-02 -3.4551E-03 -2.8414E-04
  1.1248E+02 -1.5127E-02 -3.4575E-03 -3.2571E-04
  1.1266E+02 -1.5356E-02 -3.4708E-03 -3.6942E-04
  1.1284E+02 -1.5470E-02 -3.4737E-03 -3.5914E-04
  1.1302E+02 -1.5563E-02 -3.4787E-03 -3.1626E-04
  1.1320E+02 -1.5714E-02 -3.4937E-03 -2.7394E-04
  1.1338E+02 -1.5846E-02 -3.5049E-03 -2.5814E-04
  1.1356E+02 -1.5883E-02 -3.5044E-03 -2.6083E-04
  1.1374E+02 -1.5840E-02 -3.4905E-03 -2.5425E-04
  1.1392E+02 -1.5611E-02 -3.4486E-03 -2.4538E-04
  1.1410E+02 -1.5212E-02 -3.3820E-03 -2.3039E-04
  1.1428E+02 -1.4800E-02 -3.3102E-03 -2.3084E-04
  1.1446E+02 -1.4531E-02 -3.2572E-03 -2.7964E-04
  1.1464E+02 -1.4488E-02 -3.2411E-03 -3.8599E-04
  1.1482E+02 -1.4507E-02 -3.2316E-03 -4.7699E-04
  1.1500E+02 -1.4432E-02 -3.2042E-03 -4.7542E-04
  1.1518E+02 -1.4308E-02 -3.1782E-03 -4.1503E-04
  1.1536E+02 -1.4287E-02 -3.1777E-03 -3.5684E-04
  1.1554E+02 -1.4353E-02 -3.1946E-03 -3.5344E-04
  1.1572E+02 -1.4348E-02 -3.2003E-03 -4.0992E-04
  1.1590E+02 -1.4360E-02 -3.2074E-03 -4.7102E-04
  1.1608E+02 -1.4429E-02 -3.2269E-03 -5.0057E-04
  1.1626E+02 -1.4347E-02 -3.2321E-03 -4.4378E-04
  1.1645E+02 -1.4099E-02 -3.2113E-03 -3.0922E-04
  1.1664E+02 -1.4132E-02 -3.2233E-03 -1.9772E-04
  1.1683E+02 -1.4569E-02 -3.2961E-03 -1.5055E-04
  1.1702E+02 -1.5004E-02 -3.3750E-03 -1.1389E-04
  1.1720E+02 -1.5337E-02 -3.4432E-03 -3.9231E-05
  1.1739E+02 -1.5637E-02 -3.5124E-03  3.7442E-06
  1.1758E+02 -1.5921E-02 -3.5759E-03 -4.9445E-06
  1.1777E+02 -1.6162E-02 -3.6332E-03  2.7815E-05
  1.1796E+02 -1.6497E-02 -3.7050E-03  8.9568E-05
  1.1815E+02 -1.6858E-02 -3.7806E-03  1.4237E-04
  1.1834E+02 -1.6993E-02 -3.8256E-03  2.1888E-04
  1.1853E+02 -1.7077E-02 -3.8602E-03  2.9196E-04
  1.1871E+02 -1.7296E-02 -3.9106E-03  2.9560E-04
  1.1890E+02 -1.7507E-02 -3.9501E-03  1.8801E-04
  1.1909E+02 -1.7556E-02 -3.9549E-03  4.9380E-05
  1.1928E+02 -1.7482E-02 -3.9326E-03 -1.6121E-05
  1.1947E+02 -1.7354E-02 -3.8940E-03 -5.1992E-05
  1.1966E+02 -1.7309E-02 -3.8653E-03 -9.1924E-05
  1.1985E+02 -1.7224E-02 -3.8379E-03 -1.0628E-04
  1.2004E+02 -1.7131E-02 -3.8064E-03 -9.0474E-05
  1.2022E+02 -1.7014E-02 -3.7669E-03 -4.2568E-05
  1.2041E+02 -1.6905E-02 -3.7296E-03 -2.1388E-06
  1.2060E+02 -1.6715E-02 -3.6783E-03  1.0885E-05
  1.2079E+02 -1.6246E-02 -3.5779E-03  8.0116E-06
  1.2098E+02 -1.5730E-02 -3.4719E-03  8.0640E-06
  1.2117E+02 -1.5383E-02 -3.4038E-03  1.0685E-05
  1.2136E+02 -1.5080E-02 -3.3546E-03 -3.9219E-05
  1.2154E+02 -1.4785E-02 -3.3056E-03 -8.7817E-05
  1.2173E+02 -1.4543E-02 -3.2525E-03 -8.3430E-05
  1.2192E+02 -1.4449E-02 -3.2125E-03 -9.8484E-05
  1.2211E+02 -1.4519E-02 -3.2009E-03 -1.2424E-04
  1.2230E+02 -1.4510E-02 -3.1922E-03 -1.3721E-04
  1.2249E+02 -1.4355E-02 -3.1703E-03 -1.0339E-04
  1.2268E+02 -1.4085E-02 -3.1131E-03 -5.6663E-05
  1.2287E+02 -1.3717E-02 -3.0179E-03  3.4069E-05
  1.2305E+02 -1.3308E-02 -2.9136E-03  1.9615E-04
  1.2324E+02 -1.2990E-02 -2.8277E-03  3.3254E-04
  1.2343E+02 -1.2681E-02 -2.7539E-03  3.9380E-04
  1.2362E+02 -1.2105E-02 -2.6522E-03  3.9479E-04
  1.2381E+02 -1.1412E-02 -2.5318E-03  3.9296E-04
  1.2400E+02 -1.0904E-02 -2.4376E-03  3.8257E-04
  1.2418E+02 -1.0605E-02 -2.3886E-03  3.7607E-04
  1.2436E+02 -1.0395E-02 -2.3644E-03  4.0067E-04
  1.2453E+02 -1.0318E-02 -2.3653E-03  4.5860E-04
  1.2471E+02 -1.0324E-02 -2.3836E-03  5.5889E-04
  1.2489E+02 -1.0349E-02 -2.4031E-03  7.0718E-04
  1.2507E+02 -1.0373E-02 -2.4186E-03  8.6337E-04
  1.2525E+02 -1.0435E-02 -2.4363E-03  1.0445E-03
  1.2543E+02 -1.0656E-02 -2.4812E-03  1.2409E-03
  1.2561E+02 -1.0972E-02 -2.5437E-03  1.3780E-03
  1.2579E+02 -1.1395E-02 -2.6212E-03  1.4350E-03
  1.2597E+02 -1.1815E-02 -2.6991E-03  1.4319E-03
  1.2615E+02 -1.2109E-02 -2.7634E-03  1.3261E-03
  1.2632E+02 -1.2209E-02 -2.8033E-03  1.0859E-03
  1.2650E+02 -1.2286E-02 -2.8376E-03  7.8956E-04
  1.2668E+02 -1.2562E-02 -2.8954E-03  5.3661E-04
  1.2686E+02 -1.2959E-02 -2.9606E-03  3.4629E-04
  1.2704E+02 -1.3288E-02 -3.0068E-03  2.2040E-04
  1.2723E+02 -1.3581E-02 -3.0498E-03  1.1595E-04
  1.2742E+02 -1.3776E-02 -3.0842E-03  4.3678E-05
  1.2760E+02 -1.3729E-02 -3.0868E-03 -8.9345E-06
  1.2779E+02 -1.3516E-02 -3.0629E-03 -6.6250E-05
  1.2798E+02 -1.3362E-02 -3.0414E-03 -9.8143E-05
  1.2817E+02 -1.3377E-02 -3.0341E-03 -9.4347E-05
  1.2836E+02 -1.3346E-02 -3.0119E-03 -6.6553E-05
  1.2854E+02 -1.3287E-02 -2.9834E-03 -1.8430E-05
  1.2873E+02 -1.3436E-02 -2.9959E-03  5.8759E-05
  1.2892E+02 -1.3720E-02 -3.0422E-03  9.8740E-05
  1.2911E+02 -1.4062E-02 -3.1045E-03  8.1370E-05
  1.2930E+02 -1.4384E-02 -3.1627E-03  6.4601E-05
  1.2948E+02 -1.4554E-02 -3.1938E-03  2.8066E-05
  1.2967E+02 -1.4626E-02 -3.2063E-03 -2.0423E-05
  1.2986E+02 -1.4787E-02 -3.2355E-03 -5.2516E-05
  1.3005E+02 -1.5034E-02 -3.2782E-03 -9.4269E-05
  1.3024E+02 -1.5279E-02 -3.3199E-03 -1.4165E-04
  1.3042E+02 -1.5488E-02 -3.3621E-03 -2.0238E-04
  1.3061E+02 -1.5723E-02 -3.4217E-03 -2.5896E-04
  1.3080E+02 -1.6064E-02 -3.5103E-03 -2.4161E-04
  1.3099E+02 -1.6439E-02 -3.5960E-03 -1.3455E-04
  1.3117E+02 -1.6678E-02 -3.6495E-03  6.0241E-05
  1.3136E+02 -1.6770E-02 -3.6740E-03  2.3033E-04
  1.3155E+02 -1.6891E-02 -3.7025E-03  2.8356E-04
  1.3174E+02 -1.7081E-02 -3.7428E-03  2.7213E-04
  1.3193E+02 -1.7157E-02 -3.7660E-03  3.0815E-04
  1.3211E+02 -1.7046E-02 -3.7634E-03  3.8031E-04
  1.3230E+02 -1.6900E-02 -3.7524E-03  4.1846E-04
  1.3249E+02 -1.6961E-02 -3.7589E-03  4.1102E-04
  1.3268E+02 -1.7143E-02 -3.7734E-03  4.0123E-04
  1.3287E+02 -1.7143E-02 -3.7450E-03  3.8490E-04
  1.3305E+02 -1.6755E-02 -3.6388E-03  3.0464E-04
  1.3324E+02 -1.6140E-02 -3.4917E-03  1.9263E-04
  1.3343E+02 -1.5434E-02 -3.3455E-03  1.2364E-04
  1.3362E+02 -1.4689E-02 -3.2142E-03  4.7080E-05
  1.3381E+02 -1.3914E-02 -3.0778E-03 -4.4589E-05
  1.3399E+02 -1.3327E-02 -2.9616E-03 -6.9893E-05
  1.3418E+02 -1.2918E-02 -2.8707E-03 -5.2640E-05
  1.3437E+02 -1.2383E-02 -2.7604E-03 -2.1885E-05
  1.3456E+02 -1.1701E-02 -2.6345E-03  5.7061E-06
  1.3474E+02 -1.1201E-02 -2.5527E-03 -1.0998E-05
  1.3493E+02 -1.1142E-02 -2.5496E-03 -2.1547E-05
  1.3512E+02 -1.1382E-02 -2.5973E-03 -9.7248E-06
  1.3531E+02 -1.1644E-02 -2.6435E-03  2.0844E-05
  1.3550E+02 -1.1783E-02 -2.6531E-03  5.1670E-05
  1.3568E+02 -1.1809E-02 -2.6460E-03  1.1352E-04
  1.3587E+02 -1.1722E-02 -2.6436E-03  2.3393E-04
  1.3606E+02 -1.1526E-02 -2.6321E-03  3.9740E-04
  1.3625E+02 -1.1337E-02 -2.6118E-03  5.4773E-04
  1.3644E+02 -1.1454E-02 -2.6325E-03  6.2916E-04
  1.3662E+02 -1.1864E-02 -2.7016E-03  6.2470E-04
  1.3681E+02 -1.2223E-02 -2.7606E-03  5.4641E-04
  1.3700E+02 -1.2261E-02 -2.7609E-03  4.4510E-04
  1.3719E+02 -1.2076E-02 -2.7250E-03  3.5758E-04
  1.3738E+02 -1.2016E-02 -2.7148E-03  2.9889E-04
  1.3756E+02 -1.2090E-02 -2.7332E-03  2.9833E-04
  1.3775E+02 -1.2215E-02 -2.7650E-03  3.8328E-04
  1.3794E+02 -1.2366E-02 -2.8058E-03  5.5878E-04
  1.3813E+02 -1.2511E-02 -2.8469E-03  7.5973E-04
  1.3832E+02 -1.2820E-02 -2.9117E-03  9.1459E-04
  1.3850E+02 -1.3379E-02 -3.0164E-03  1.0147E-03
  1.3869E+02 -1.4088E-02 -3.1441E-03  1.1039E-03
  1.3888E+02 -1.4743E-02 -3.2621E-03  1.2137E-03
  1.3907E+02 -1.5184E-02 -3.3495E-03  1.3311E-03
  1.3925E+02 -1.5583E-02 -3.4309E-03  1.4005E-03
  1.3944E+02 -1.6060E-02 -3.5196E-03  1.4104E-03
  1.3963E+02 -1.6494E-02 -3.5856E-03  1.4102E-03
  1.3982E+02 -1.6808E-02 -3.6145E-03  1.3966E-03
  1.4001E+02 -1.6811E-02 -3.5897E-03  1.3544E-03
  1.4019E+02 -1.6353E-02 -3.5000E-03  1.2613E-03
  1.4038E+02 -1.5589E-02 -3.3630E-03  1.1222E-03
  1.4057E+02 -1.4755E-02 -3.2121E-03  9.6509E-04
  1.4076E+02 -1.4085E-02 -3.0849E-03  8.0878E-04
  1.4095E+02 -1.3645E-02 -2.9936E-03  7.0928E-04
  1.4113E+02 -1.3412E-02 -2.9426E-03  7.0178E-04
  1.4132E+02 -1.3336E-02 -2.9331E-03  7.7173E-04
  1.4151E+02 -1.3366E-02 -2.9483E-03  8.2514E-04
  1.4170E+02 -1.3453E-02 -2.9724E-03  7.9560E-04
  1.4189E+02 -1.3619E-02 -3.0156E-03  7.5276E-04
  1.4207E+02 -1.3855E-02 -3.0714E-03  7.4531E-04
  1.4226E+02 -1.4038E-02 -3.1153E-03  7.3230E-04
  1.4245E+02 -1.4151E-02 -3.1520E-03  7.0025E-04
  1.4264E+02 -1.4415E-02 -3.2220E-03  6.6645E-04
  1.4282E+02 -1.4896E-02 -3.3343E-03  6.7120E-04
  1.4300E+02 -1.5586E-02 -3.4786E-03  6.7426E-04
  1.4318E+02 -1.6320E-02 -3.6246E-03  6.6502E-04
  1.4335E+02 -1.6829E-02 -3.7282E-03  6.4833E-04
  1.4353E+02 -1.7139E-02 -3.7928E-03  6.6575E-04
  1.4371E+02 -1.7283E-02 -3.8276E-03  7.0135E-04
  1.4389E+02 -1.7291E-02 -3.8326E-03  6.8550E-04
  1.4407E+02 -1.7319E-02 -3.8363E-03  6.2293E-04
  1.4424E+02 -1.7484E-02 -3.8659E-03  6.2348E-04
  1.4442E+02 -1.7884E-02 -3.9356E-03  7.4145E-04
  1.4460E+02 -1.8380E-02 -4.0216E-03  9.4335E-04
  1.4478E+02 -1.8442E-02 -4.0455E-03  1.1731E-03
  1.4496E+02 -1.7924E-02 -3.9877E-03  1.3615E-03
  1.4514E+02 -1.7256E-02 -3.9047E-03  1.4962E-03
  1.4531E+02 -1.6942E-02 -3.8629E-03  1.5428E-03
  1.4549E+02 -1.7080E-02 -3.8857E-03  1.5186E-03
  1.4567E+02 -1.7439E-02 -3.9531E-03  1.5191E-03
  1.4585E+02 -1.7669E-02 -4.0052E-03  1.6000E-03
  1.4603E+02 -1.7627E-02 -4.0037E-03  1.7188E-03
  1.4621E+02 -1.7552E-02 -3.9831E-03  1.7800E-03
  1.4638E+02 -1.7575E-02 -3.9822E-03  1.7415E-03
  1.4656E+02 -1.7700E-02 -4.0098E-03  1.6721E-03
  1.4674E+02 -1.7706E-02 -4.0171E-03  1.6262E-03
  1.4692E+02 -1.7511E-02 -3.9821E-03  1.5637E-03
  1.4710E+02 -1.7268E-02 -3.9318E-03  1.4213E-03
  1.4728E+02 -1.6957E-02 -3.8617E-03  1.2580E-03
  1.4747E+02 -1.6654E-02 -3.7768E-03  1.1888E-03
  1.4766E+02 -1.6369E-02 -3.6955E-03  1.2647E-03
  1.4784E+02 -1.5932E-02 -3.6021E-03  1.3725E-03
  1.4803E+02 -1.5511E-02 -3.5087E-03  1.4135E-03
  1.4822E+02 -1.5159E-02 -3.4241E-03  1.3830E-03
  1.4840E+02 -1.4843E-02 -3.3561E-03  1.3455E-03
  1.4859E+02 -1.4634E-02 -3.3200E-03  1.3265E-03
  1.4878E+02 -1.4464E-02 -3.2997E-03  1.3222E-03
  1.4897E+02 -1.4502E-02 -3.3103E-03  1.2933E-03
  1.4915E+02 -1.4668E-02 -3.3357E-03  1.1811E-03
  1.4934E+02 -1.4792E-02 -3.3474E-03  1.0542E-03
  1.4953E+02 -1.4903E-02 -3.3557E-03  9.2680E-04
  1.4971E+02 -1.5088E-02 -3.3795E-03  8.0587E-04
  1.4990E+02 -1.5186E-02 -3.3948E-03  6.8558E-04
  1.5009E+02 -1.5077E-02 -3.3815E-03  5.7734E-04
  1.5028E+02 -1.4797E-02 -3.3518E-03  4.7482E-04
  1.5046E+02 -1.4631E-02 -3.3440E-03  3.8191E-04
  1.5065E+02 -1.4977E-02 -3.4221E-03  3.0932E-04
  1.5084E+02 -1.5780E-02 -3.5771E-03  2.6912E-04
  1.5102E+02 -1.6453E-02 -3.7164E-03  2.4679E-04
  1.5121E+02 -1.6652E-02 -3.7773E-03  2.0984E-04
  1.5140E+02 -1.6667E-02 -3.7927E-03  2.1611E-04
  1.5159E+02 -1.6778E-02 -3.8215E-03  2.6694E-04
  1.5177E+02 -1.6898E-02 -3.8515E-03  2.7252E-04
  1.5196E+02 -1.7024E-02 -3.8830E-03  2.9694E-04
  1.5215E+02 -1.7194E-02 -3.9217E-03  3.5971E-04
  1.5234E+02 -1.7412E-02 -3.9728E-03  4.5591E-04
  1.5252E+02 -1.7766E-02 -4.0494E-03  5.2725E-04
  1.5271E+02 -1.8145E-02 -4.1329E-03  5.4325E-04
  1.5290E+02 -1.8304E-02 -4.1962E-03  4.8212E-04
  1.5308E+02 -1.8460E-02 -4.2590E-03  3.9351E-04
  1.5327E+02 -1.8884E-02 -4.3486E-03  3.6219E-04
  1.5346E+02 -1.9256E-02 -4.4123E-03  4.0922E-04
  1.5365E+02 -1.9358E-02 -4.4152E-03  4.6504E-04
  1.5383E+02 -1.9207E-02 -4.3703E-03  4.7117E-04
  1.5402E+02 -1.8922E-02 -4.3123E-03  4.1284E-04
  1.5421E+02 -1.8571E-02 -4.2581E-03  2.5834E-04
  1.5439E+02 -1.8243E-02 -4.2052E-03  2.4034E-05
  1.5458E+02 -1.8209E-02 -4.1962E-03 -2.0242E-04
  1.5477E+02 -1.8365E-02 -4.2232E-03 -3.8254E-04
  1.5496E+02 -1.8412E-02 -4.2411E-03 -5.2680E-04
  1.5514E+02 -1.8324E-02 -4.2430E-03 -5.4187E-04
  1.5533E+02 -1.8394E-02 -4.2640E-03 -5.1428E-04
  1.5552E+02 -1.8814E-02 -4.3244E-03 -5.7639E-04
  1.5570E+02 -1.9349E-02 -4.4006E-03 -6.5291E-04
  1.5589E+02 -1.9745E-02 -4.4558E-03 -6.1468E-04
  1.5608E+02 -1.9886E-02 -4.4715E-03 -4.9886E-04
  1.5627E+02 -1.9671E-02 -4.4271E-03 -4.2718E-04
  1.5645E+02 -1.9256E-02 -4.3504E-03 -3.9336E-04
  1.5664E+02 -1.8884E-02 -4.2878E-03 -4.0855E-04
  1.5683E+02 -1.8672E-02 -4.2662E-03 -5.0095E-04
  1.5701E+02 -1.8553E-02 -4.2646E-03 -6.7523E-04
  1.5720E+02 -1.8548E-02 -4.2687E-03 -8.7212E-04
  1.5739E+02 -1.8602E-02 -4.2784E-03 -1.0398E-03
  1.5758E+02 -1.8703E-02 -4.3010E-03 -1.2163E-03
  1.5776E+02 -1.8727E-02 -4.3174E-03 -1.4394E-03
  1.5795E+02 -1.8686E-02 -4.3294E-03 -1.6042E-03
  1.5814E+02 -1.8805E-02 -4.3676E-03 -1.6332E-03
  1.5832E+02 -1.9078E-02 -4.4311E-03 -1.5861E-03
  1.5851E+02 -1.9519E-02 -4.5210E-03 -1.5103E-03
  1.5870E+02 -1.9996E-02 -4.6279E-03 -1.4494E-03
  1.5889E+02 -2.0605E-02 -4.7627E-03 -1.4267E-03
  1.5907E+02 -2.1155E-02 -4.8905E-03 -1.5239E-03
  1.5926E+02 -2.1599E-02 -4.9941E-03 -1.5846E-03
  1.5945E+02 -2.2116E-02 -5.0906E-03 -1.4329E-03
  1.5963E+02 -2.2749E-02 -5.2096E-03 -1.1012E-03
  1.5982E+02 -2.3408E-02 -5.3514E-03 -7.6900E-04
  1.6001E+02 -2.3972E-02 -5.4779E-03 -5.7072E-04
  1.6020E+02 -2.4209E-02 -5.5448E-03 -4.8922E-04
  1.6038E+02 -2.4162E-02 -5.5579E-03 -3.5426E-04
  1.6057E+02 -2.4202E-02 -5.5694E-03 -1.4810E-04
  1.6076E+02 -2.4474E-02 -5.6125E-03 -5.0421E-05
  1.6095E+02 -2.4825E-02 -5.6681E-03 -8.8575E-05
  1.6113E+02 -2.5096E-02 -5.7298E-03 -1.5667E-04
  1.6132E+02 -2.5286E-02 -5.8010E-03 -3.2614E-04
  1.6151E+02 -2.5310E-02 -5.8361E-03 -5.4755E-04
  1.6169E+02 -2.5133E-02 -5.8105E-03 -7.4296E-04
  1.6188E+02 -2.4886E-02 -5.7534E-03 -8.9154E-04
  1.6207E+02 -2.4730E-02 -5.7010E-03 -9.4965E-04
  1.6226E+02 -2.4475E-02 -5.6368E-03 -8.6677E-04
  1.6244E+02 -2.4172E-02 -5.5671E-03 -8.0662E-04
  1.6263E+02 -2.3922E-02 -5.4980E-03 -9.3504E-04
  1.6282E+02 -2.3607E-02 -5.4071E-03 -1.1508E-03
  1.6300E+02 -2.3212E-02 -5.2924E-03 -1.2595E-03
  1.6319E+02 -2.2668E-02 -5.1668E-03 -1.2526E-03
  1.6337E+02 -2.2082E-02 -5.0666E-03 -1.2446E-03
  1.6354E+02 -2.1535E-02 -4.9850E-03 -1.2848E-03
  1.6372E+02 -2.1159E-02 -4.9171E-03 -1.3311E-03
  1.6390E+02 -2.0796E-02 -4.8228E-03 -1.3588E-03
  1.6406E+02 -2.0357E-02 -4.7068E-03 -1.3762E-03
  1.6423E+02 -2.0141E-02 -4.6348E-03 -1.3548E-03
  1.6440E+02 -2.0074E-02 -4.6021E-03 -1.2965E-03
  1.6457E+02 -2.0009E-02 -4.5702E-03 -1.2882E-03
  1.6474E+02 -1.9817E-02 -4.5150E-03 -1.3427E-03
  1.6491E+02 -1.9416E-02 -4.4287E-03 -1.3915E-03
  1.6507E+02 -1.9077E-02 -4.3447E-03 -1.3707E-03
  1.6524E+02 -1.8935E-02 -4.2788E-03 -1.3464E-03
  1.6541E+02 -1.8636E-02 -4.1977E-03 -1.3952E-03
  1.6558E+02 -1.8237E-02 -4.1092E-03 -1.4092E-03
  1.6575E+02 -1.7659E-02 -3.9971E-03 -1.3218E-03
  1.6591E+02 -1.6916E-02 -3.8722E-03 -1.1787E-03
  1.6608E+02 -1.6234E-02 -3.7732E-03 -1.0831E-03
  1.6625E+02 -1.5717E-02 -3.7023E-03 -1.0533E-03
  1.6642E+02 -1.5457E-02 -3.6632E-03 -1.0582E-03
  1.6659E+02 -1.5564E-02 -3.6708E-03 -1.0764E-03
  1.6675E+02 -1.5639E-02 -3.6707E-03 -1.1906E-03
  1.6692E+02 -1.5504E-02 -3.6386E-03 -1.2988E-03
  1.6709E+02 -1.5415E-02 -3.6111E-03 -1.3085E-03
  1.6726E+02 -1.5751E-02 -3.6538E-03 -1.2624E-03
  1.6743E+02 -1.6220E-02 -3.7295E-03 -1.2724E-03
  1.6759E+02 -1.6573E-02 -3.7971E-03 -1.2146E-03
  1.6776E+02 -1.7025E-02 -3.8860E-03 -1.0805E-03
  1.6793E+02 -1.7476E-02 -3.9780E-03 -9.5269E-04
  1.6810E+02 -1.7832E-02 -4.0445E-03 -7.9282E-04
  1.6827E+02 -1.7860E-02 -4.0402E-03 -6.4072E-04
  1.6844E+02 -1.7545E-02 -3.9746E-03 -5.4286E-04
  1.6860E+02 -1.7305E-02 -3.9239E-03 -4.8974E-04
  1.6877E+02 -1.7357E-02 -3.9190E-03 -3.7378E-04
  1.6894E+02 -1.7497E-02 -3.9244E-03 -2.2243E-04
  1.6911E+02 -1.7341E-02 -3.8876E-03 -1.0029E-04
  1.6928E+02 -1.6969E-02 -3.8230E-03  2.1047E-05
  1.6944E+02 -1.6601E-02 -3.7588E-03  1.1699E-04
  1.6962E+02 -1.6161E-02 -3.6881E-03  1.6368E-04
  1.6980E+02 -1.5707E-02 -3.6276E-03  1.7122E-04
  1.6997E+02 -1.5464E-02 -3.6000E-03  1.4916E-04
  1.7015E+02 -1.5603E-02 -3.6272E-03  4.5917E-05
  1.7033E+02 -1.6057E-02 -3.7049E-03 -9.9486E-05
  1.7050E+02 -1.6624E-02 -3.8026E-03 -1.9160E-04
  1.7068E+02 -1.7030E-02 -3.8730E-03 -2.4562E-04
  1.7086E+02 -1.7145E-02 -3.8946E-03 -3.2644E-04
  1.7103E+02 -1.7019E-02 -3.8832E-03 -4.6183E-04
  1.7121E+02 -1.6801E-02 -3.8583E-03 -6.1176E-04
  1.7139E+02 -1.6664E-02 -3.8395E-03 -6.9515E-04
  1.7156E+02 -1.6750E-02 -3.8558E-03 -7.2762E-04
  1.7174E+02 -1.7024E-02 -3.9083E-03 -7.4509E-04
  1.7192E+02 -1.7459E-02 -3.9919E-03 -7.4725E-04
  1.7209E+02 -1.7959E-02 -4.0872E-03 -6.9261E-04
  1.7227E+02 -1.8421E-02 -4.1735E-03 -5.7449E-04
  1.7245E+02 -1.8739E-02 -4.2342E-03 -5.0168E-04
  1.7262E+02 -1.8944E-02 -4.2666E-03 -5.0528E-04
  1.7280E+02 -1.9138E-02 -4.2920E-03 -5.0834E-04
  1.7297E+02 -1.9322E-02 -4.3237E-03 -5.5649E-04
  1.7315E+02 -1.9305E-02 -4.3316E-03 -6.6854E-04
  1.7333E+02 -1.9227E-02 -4.3297E-03 -7.3077E-04
  1.7350E+02 -1.9318E-02 -4.3488E-03 -7.6196E-04
  1.7368E+02 -1.9548E-02 -4.3813E-03 -7.6364E-04
  1.7386E+02 -1.9778E-02 -4.4166E-03 -7.1413E-04
  1.7405E+02 -1.9991E-02 -4.4533E-03 -6.7821E-04
  1.7423E+02 -2.0266E-02 -4.4952E-03 -6.6363E-04
  1.7442E+02 -2.0256E-02 -4.4923E-03 -7.0394E-04
  1.7460E+02 -1.9800E-02 -4.4193E-03 -7.6874E-04
  1.7479E+02 -1.9207E-02 -4.3176E-03 -7.7526E-04
  1.7497E+02 -1.8884E-02 -4.2524E-03 -7.3640E-04
  1.7516E+02 -1.8835E-02 -4.2307E-03 -6.7729E-04
  1.7534E+02 -1.8669E-02 -4.1944E-03 -5.7483E-04
  1.7553E+02 -1.8253E-02 -4.1154E-03 -4.3665E-04
  1.7571E+02 -1.7882E-02 -4.0362E-03 -3.3875E-04
  1.7590E+02 -1.7658E-02 -3.9895E-03 -3.1952E-04
  1.7608E+02 -1.7529E-02 -3.9751E-03 -3.5641E-04
  1.7627E+02 -1.7486E-02 -3.9808E-03 -4.0456E-04
  1.7646E+02 -1.7508E-02 -4.0002E-03 -4.4509E-04
  1.7664E+02 -1.7633E-02 -4.0413E-03 -4.4668E-04
  1.7683E+02 -1.8069E-02 -4.1352E-03 -4.2213E-04
  1.7701E+02 -1.8539E-02 -4.2302E-03 -4.5019E-04
  1.7720E+02 -1.8805E-02 -4.2735E-03 -5.4027E-04
  1.7738E+02 -1.8956E-02 -4.2799E-03 -6.6587E-04
  1.7757E+02 -1.8989E-02 -4.2602E-03 -8.2658E-04
  1.7775E+02 -1.9035E-02 -4.2452E-03 -9.4331E-04
  1.7794E+02 -1.9324E-02 -4.2769E-03 -1.0060E-03
  1.7812E+02 -1.9559E-02 -4.3211E-03 -1.0707E-03
  1.7831E+02 -1.9590E-02 -4.3513E-03 -1.0983E-03
  1.7849E+02 -1.9559E-02 -4.3700E-03 -1.0169E-03
  1.7868E+02 -1.9479E-02 -4.3686E-03 -8.5750E-04
  1.7886E+02 -1.9418E-02 -4.3544E-03 -7.0612E-04
  1.7905E+02 -1.9245E-02 -4.3136E-03 -6.1465E-04
  1.7924E+02 -1.8814E-02 -4.2287E-03 -5.2805E-04
  1.7942E+02 -1.8378E-02 -4.1367E-03 -4.2222E-04
  1.7961E+02 -1.7965E-02 -4.0435E-03 -3.6641E-04
  1.7979E+02 -1.7603E-02 -3.9622E-03 -3.1085E-04
  1.7998E+02 -1.7341E-02 -3.9099E-03 -1.8030E-04
  1.8016E+02 -1.7115E-02 -3.8677E-03 -7.3620E-05
  1.8035E+02 -1.6908E-02 -3.8198E-03 -3.7357E-05
  1.8053E+02 -1.6640E-02 -3.7682E-03  9.3579E-06
  1.8072E+02 -1.6355E-02 -3.7217E-03  7.4782E-05
  1.8090E+02 -1.6267E-02 -3.7029E-03  9.3277E-05
  1.8109E+02 -1.6372E-02 -3.7134E-03  1.1649E-04
  1.8127E+02 -1.6320E-02 -3.7032E-03  1.7935E-04
  1.8146E+02 -1.5934E-02 -3.6309E-03  1.8705E-04
  1.8164E+02 -1.5539E-02 -3.5402E-03  9.5155E-05
  1.8183E+02 -1.5303E-02 -3.4652E-03 -4.3563E-05
  1.8201E+02 -1.5094E-02 -3.4016E-03 -1.7341E-04
  1.8220E+02 -1.5009E-02 -3.3791E-03 -2.4990E-04
  1.8239E+02 -1.5162E-02 -3.4097E-03 -3.6225E-04
  1.8257E+02 -1.5372E-02 -3.4502E-03 -5.2868E-04
  1.8276E+02 -1.5597E-02 -3.4888E-03 -6.4652E-04
  1.8294E+02 -1.5931E-02 -3.5445E-03 -6.9483E-04
  1.8313E+02 -1.6462E-02 -3.6388E-03 -7.7558E-04
  1.8331E+02 -1.6968E-02 -3.7452E-03 -8.9275E-04
  1.8350E+02 -1.7409E-02 -3.8588E-03 -1.0518E-03
  1.8368E+02 -1.7888E-02 -3.9791E-03 -1.2201E-03
  1.8387E+02 -1.8339E-02 -4.0811E-03 -1.3275E-03
  1.8405E+02 -1.8619E-02 -4.1379E-03 -1.3609E-03
  1.8424E+02 -1.8538E-02 -4.1360E-03 -1.3758E-03
  1.8442E+02 -1.8314E-02 -4.1030E-03 -1.3910E-03
  1.8461E+02 -1.8323E-02 -4.0942E-03 -1.4633E-03
  1.8479E+02 -1.8515E-02 -4.1183E-03 -1.4930E-03
  1.8498E+02 -1.8711E-02 -4.1615E-03 -1.3843E-03
  1.8517E+02 -1.8870E-02 -4.2080E-03 -1.1925E-03
  1.8535E+02 -1.8953E-02 -4.2390E-03 -9.9384E-04
  1.8554E+02 -1.8940E-02 -4.2357E-03 -7.8285E-04
  1.8572E+02 -1.8639E-02 -4.1738E-03 -6.4079E-04
  1.8591E+02 -1.8224E-02 -4.0974E-03 -6.3400E-04
  1.8609E+02 -1.7984E-02 -4.0537E-03 -6.1426E-04
  1.8628E+02 -1.7755E-02 -4.0134E-03 -5.0819E-04
  1.8646E+02 -1.7580E-02 -3.9794E-03 -3.7546E-04
  1.8665E+02 -1.7675E-02 -3.9840E-03 -2.9263E-04
  1.8683E+02 -1.7727E-02 -3.9822E-03 -2.6210E-04
  1.8702E+02 -1.7564E-02 -3.9448E-03 -2.9903E-04
  1.8720E+02 -1.7471E-02 -3.9200E-03 -3.2564E-04
  1.8739E+02 -1.7770E-02 -3.9624E-03 -2.8583E-04
  1.8757E+02 -1.8192E-02 -4.0403E-03 -1.6548E-04
  1.8776E+02 -1.8492E-02 -4.1145E-03 -4.8764E-08
  1.8795E+02 -1.8803E-02 -4.1927E-03  1.2839E-04
  1.8813E+02 -1.9061E-02 -4.2528E-03  1.6708E-04
  1.8832E+02 -1.9135E-02 -4.2811E-03  1.8744E-04
  1.8850E+02 -1.9254E-02 -4.3201E-03  2.2971E-04
  1.8869E+02 -1.9581E-02 -4.3930E-03  2.3535E-04
  1.8887E+02 -1.9767E-02 -4.4415E-03  2.5718E-04
  1.8906E+02 -1.9676E-02 -4.4363E-03  3.6928E-04
  1.8924E+02 -1.9450E-02 -4.3924E-03  5.4276E-04
  1.8943E+02 -1.9186E-02 -4.3262E-03  6.8725E-04
  1.8961E+02 -1.8854E-02 -4.2475E-03  7.4590E-04
  1.8980E+02 -1.8607E-02 -4.1877E-03  7.1847E-04
  1.8998E+02 -1.8592E-02 -4.1773E-03  6.0942E-04
  1.9017E+02 -1.8892E-02 -4.2270E-03  4.6785E-04
  1.9035E+02 -1.9518E-02 -4.3419E-03  4.2671E-04
  1.9054E+02 -2.0125E-02 -4.4655E-03  4.5777E-04
  1.9073E+02 -2.0576E-02 -4.5658E-03  5.2182E-04
  1.9091E+02 -2.0873E-02 -4.6399E-03  6.4227E-04
  1.9110E+02 -2.0992E-02 -4.6808E-03  8.0283E-04
  1.9128E+02 -2.0828E-02 -4.6722E-03  9.4691E-04
  1.9147E+02 -2.0441E-02 -4.6164E-03  1.0964E-03
  1.9165E+02 -2.0377E-02 -4.5892E-03  1.2081E-03
  1.9183E+02 -2.0571E-02 -4.5950E-03  1.3088E-03
  1.9200E+02 -2.0718E-02 -4.6015E-03  1.4117E-03
  1.9218E+02 -2.0627E-02 -4.5785E-03  1.4790E-03
  1.9235E+02 -2.0224E-02 -4.5134E-03  1.5641E-03
  1.9253E+02 -1.9716E-02 -4.4318E-03  1.6653E-03
  1.9271E+02 -1.9221E-02 -4.3396E-03  1.6952E-03
  1.9288E+02 -1.8804E-02 -4.2443E-03  1.6469E-03
  1.9306E+02 -1.8764E-02 -4.2020E-03  1.5411E-03
  1.9323E+02 -1.9091E-02 -4.2225E-03  1.4299E-03
  1.9341E+02 -1.9236E-02 -4.2203E-03  1.2924E-03
  1.9359E+02 -1.8939E-02 -4.1524E-03  1.1150E-03
  1.9376E+02 -1.8390E-02 -4.0453E-03  9.4273E-04
  1.9394E+02 -1.7950E-02 -3.9534E-03  7.4818E-04
  1.9411E+02 -1.7568E-02 -3.8718E-03  5.4707E-04
  1.9429E+02 -1.7274E-02 -3.8139E-03  4.5414E-04
  1.9447E+02 -1.7060E-02 -3.7854E-03  5.1489E-04
  1.9464E+02 -1.6931E-02 -3.7830E-03  6.7611E-04
  1.9482E+02 -1.6782E-02 -3.7851E-03  8.6397E-04
  1.9499E+02 -1.6676E-02 -3.7871E-03  9.9305E-04
  1.9517E+02 -1.6745E-02 -3.8075E-03  1.0305E-03
  1.9535E+02 -1.6912E-02 -3.8456E-03  1.0474E-03
  1.9552E+02 -1.6979E-02 -3.8700E-03  1.0641E-03
  1.9570E+02 -1.6902E-02 -3.8663E-03  1.1394E-03
  1.9587E+02 -1.6813E-02 -3.8525E-03  1.2295E-03
  1.9605E+02 -1.6787E-02 -3.8441E-03  1.2375E-03
  1.9623E+02 -1.6658E-02 -3.8261E-03  1.1403E-03
  1.9640E+02 -1.6338E-02 -3.7805E-03  1.0085E-03
  1.9658E+02 -1.6133E-02 -3.7411E-03  8.7126E-04
  1.9675E+02 -1.6038E-02 -3.7061E-03  8.0793E-04
  1.9693E+02 -1.5874E-02 -3.6598E-03  8.2090E-04
  1.9711E+02 -1.5855E-02 -3.6425E-03  8.0790E-04
  1.9728E+02 -1.5911E-02 -3.6430E-03  6.9696E-04
  1.9746E+02 -1.5883E-02 -3.6279E-03  4.9319E-04
  1.9763E+02 -1.5795E-02 -3.5958E-03  3.2737E-04
  1.9781E+02 -1.5578E-02 -3.5430E-03  2.4652E-04
  1.9799E+02 -1.5197E-02 -3.4662E-03  2.0331E-04
  1.9816E+02 -1.4765E-02 -3.3861E-03  1.3372E-04
  1.9834E+02 -1.4565E-02 -3.3518E-03  7.6903E-05
  1.9851E+02 -1.4616E-02 -3.3662E-03  1.1074E-05
  1.9869E+02 -1.4917E-02 -3.4168E-03 -1.4331E-04
  1.9887E+02 -1.5246E-02 -3.4726E-03 -2.6519E-04
  1.9904E+02 -1.5269E-02 -3.4883E-03 -2.4652E-04
  1.9922E+02 -1.5199E-02 -3.4896E-03 -1.6713E-04
  1.9939E+02 -1.5247E-02 -3.5031E-03 -9.7167E-05
  1.9957E+02 -1.5442E-02 -3.5478E-03 -8.0673E-05
  1.9975E+02 -1.5761E-02 -3.6277E-03 -1.1152E-04
  1.9992E+02 -1.6116E-02 -3.7212E-03 -1.7785E-04
  2.0010E+02 -1.6445E-02 -3.8101E-03 -2.7069E-04
  2.0027E+02 -1.6829E-02 -3.8957E-03 -3.2166E-04
  2.0045E+02 -1.7244E-02 -3.9725E-03 -2.4547E-04
  2.0063E+02 -1.7605E-02 -4.0327E-03 -1.5408E-04
  2.0080E+02 -1.7828E-02 -4.0714E-03 -1.0580E-04
  2.0098E+02 -1.7904E-02 -4.0961E-03 -5.2353E-05
  2.0115E+02 -1.7893E-02 -4.1115E-03 -7.0614E-05
  2.0133E+02 -1.7785E-02 -4.1112E-03 -1.2516E-04
  2.0151E+02 -1.7950E-02 -4.1617E-03 -8.8798E-05
  2.0168E+02 -1.8418E-02 -4.2718E-03 -1.3909E-05
  2.0186E+02 -1.8925E-02 -4.3933E-03  3.9105E-05
  2.0203E+02 -1.9473E-02 -4.5140E-03  4.3029E-05
  2.0221E+02 -2.0032E-02 -4.6249E-03 -1.0138E-05
  2.0239E+02 -2.0413E-02 -4.6979E-03 -2.7668E-05
  2.0256E+02 -2.0483E-02 -4.7060E-03  4.7050E-06
  2.0274E+02 -2.0144E-02 -4.6395E-03  1.7251E-05
  2.0292E+02 -1.9457E-02 -4.5189E-03 -2.6192E-05
  2.0311E+02 -1.8940E-02 -4.4226E-03 -1.2135E-04
  2.0329E+02 -1.8800E-02 -4.3934E-03 -1.4577E-04
  2.0348E+02 -1.8816E-02 -4.3910E-03 -1.7158E-04
  2.0366E+02 -1.9118E-02 -4.4271E-03 -2.9562E-04
  2.0385E+02 -1.9509E-02 -4.4762E-03 -3.9529E-04
  2.0403E+02 -1.9619E-02 -4.4844E-03 -4.7610E-04
  2.0422E+02 -1.9542E-02 -4.4700E-03 -5.8470E-04
  2.0440E+02 -1.9399E-02 -4.4541E-03 -6.7830E-04
  2.0459E+02 -1.9232E-02 -4.4202E-03 -7.1013E-04
  2.0477E+02 -1.9213E-02 -4.3926E-03 -7.8391E-04
  2.0496E+02 -1.9263E-02 -4.3813E-03 -9.3231E-04
  2.0514E+02 -1.9265E-02 -4.3710E-03 -1.0196E-03
  2.0532E+02 -1.9203E-02 -4.3528E-03 -9.4679E-04
  2.0551E+02 -1.9127E-02 -4.3267E-03 -7.6644E-04
  2.0569E+02 -1.9054E-02 -4.2953E-03 -5.5614E-04
  2.0588E+02 -1.8751E-02 -4.2308E-03 -3.9675E-04
  2.0606E+02 -1.8287E-02 -4.1370E-03 -3.1338E-04
  2.0625E+02 -1.7917E-02 -4.0500E-03 -2.3818E-04
  2.0643E+02 -1.7602E-02 -3.9781E-03 -1.0634E-04
  2.0662E+02 -1.7099E-02 -3.8810E-03  3.3803E-05
  2.0680E+02 -1.6661E-02 -3.7891E-03  8.7843E-05
  2.0699E+02 -1.6472E-02 -3.7275E-03 -1.4962E-05
  2.0717E+02 -1.6334E-02 -3.6787E-03 -2.7224E-04
  2.0736E+02 -1.5938E-02 -3.6064E-03 -5.2451E-04
  2.0754E+02 -1.5447E-02 -3.5310E-03 -7.5246E-04
  2.0773E+02 -1.5370E-02 -3.5326E-03 -9.3237E-04
  2.0791E+02 -1.5465E-02 -3.5758E-03 -9.7597E-04
  2.0810E+02 -1.5377E-02 -3.5853E-03 -9.2350E-04
  2.0828E+02 -1.5161E-02 -3.5604E-03 -8.7837E-04
  2.0847E+02 -1.5061E-02 -3.5499E-03 -8.6429E-04
  2.0865E+02 -1.5131E-02 -3.5613E-03 -8.5002E-04
  2.0884E+02 -1.5398E-02 -3.5841E-03 -8.9957E-04
  2.0902E+02 -1.5729E-02 -3.6127E-03 -9.8949E-04
  2.0921E+02 -1.5856E-02 -3.6168E-03 -1.0509E-03
  2.0939E+02 -1.5859E-02 -3.6059E-03 -1.1025E-03
  2.0958E+02 -1.5920E-02 -3.6043E-03 -1.1319E-03
  2.0976E+02 -1.5987E-02 -3.6075E-03 -1.0901E-03
  2.0995E+02 -1.5866E-02 -3.5916E-03 -9.7116E-04
  2.1013E+02 -1.5837E-02 -3.5922E-03 -8.9318E-04
  2.1031E+02 -1.6051E-02 -3.6240E-03 -8.1969E-04
  2.1050E+02 -1.6202E-02 -3.6411E-03 -6.2808E-04
  2.1068E+02 -1.6185E-02 -3.6396E-03 -4.6232E-04
  2.1087E+02 -1.6405E-02 -3.7002E-03 -4.5966E-04
  2.1105E+02 -1.6777E-02 -3.7991E-03 -4.5306E-04
  2.1124E+02 -1.7021E-02 -3.8710E-03 -3.1894E-04
  2.1142E+02 -1.7163E-02 -3.9115E-03 -9.6670E-05
  2.1161E+02 -1.7307E-02 -3.9457E-03  1.5847E-04
  2.1179E+02 -1.7333E-02 -3.9553E-03  3.6328E-04
  2.1198E+02 -1.7339E-02 -3.9537E-03  5.0818E-04
  2.1216E+02 -1.7616E-02 -4.0022E-03  5.8635E-04
  2.1235E+02 -1.8038E-02 -4.0884E-03  5.3523E-04
  2.1253E+02 -1.8442E-02 -4.1836E-03  3.2606E-04
  2.1272E+02 -1.8524E-02 -4.2243E-03  7.1990E-05
  2.1290E+02 -1.8415E-02 -4.2247E-03 -1.0677E-04
  2.1309E+02 -1.8364E-02 -4.2374E-03 -2.4812E-04
  2.1327E+02 -1.8624E-02 -4.3005E-03 -3.3990E-04
  2.1346E+02 -1.8988E-02 -4.3771E-03 -3.8454E-04
  2.1364E+02 -1.9204E-02 -4.4143E-03 -4.3508E-04
  2.1383E+02 -1.8939E-02 -4.3543E-03 -4.8766E-04
  2.1401E+02 -1.8356E-02 -4.2365E-03 -6.1500E-04
  2.1420E+02 -1.7767E-02 -4.1217E-03 -8.5830E-04
  2.1438E+02 -1.7330E-02 -4.0274E-03 -1.0731E-03
  2.1457E+02 -1.7133E-02 -3.9600E-03 -1.0752E-03
  2.1475E+02 -1.6820E-02 -3.8780E-03 -9.0856E-04
  2.1493E+02 -1.6457E-02 -3.8015E-03 -7.7293E-04
  2.1512E+02 -1.6139E-02 -3.7436E-03 -7.4847E-04
  2.1530E+02 -1.5952E-02 -3.7046E-03 -7.0476E-04
  2.1549E+02 -1.6151E-02 -3.7191E-03 -5.9609E-04
  2.1567E+02 -1.6487E-02 -3.7550E-03 -5.3133E-04
  2.1586E+02 -1.6857E-02 -3.8004E-03 -5.1515E-04
  2.1604E+02 -1.7256E-02 -3.8464E-03 -5.0670E-04
  2.1623E+02 -1.7687E-02 -3.9029E-03 -4.9292E-04
  2.1640E+02 -1.7929E-02 -3.9399E-03 -4.7421E-04
  2.1658E+02 -1.7996E-02 -3.9445E-03 -4.3662E-04
  2.1675E+02 -1.7882E-02 -3.9170E-03 -4.2479E-04
  2.1693E+02 -1.7806E-02 -3.9001E-03 -3.8711E-04
  2.1710E+02 -1.7706E-02 -3.8795E-03 -1.8626E-04
  2.1728E+02 -1.7314E-02 -3.8108E-03  1.2123E-04
  2.1745E+02 -1.7002E-02 -3.7594E-03  4.0148E-04
  2.1763E+02 -1.6967E-02 -3.7535E-03  6.0939E-04
  2.1781E+02 -1.7118E-02 -3.7685E-03  7.6928E-04
  2.1798E+02 -1.7027E-02 -3.7499E-03  8.4690E-04
  2.1816E+02 -1.6702E-02 -3.6968E-03  8.4894E-04
  2.1833E+02 -1.6622E-02 -3.6687E-03  8.6127E-04
  2.1851E+02 -1.6777E-02 -3.6808E-03  8.7948E-04
  2.1868E+02 -1.7048E-02 -3.7058E-03  9.0696E-04
  2.1886E+02 -1.7507E-02 -3.7710E-03  9.5880E-04
  2.1903E+02 -1.8109E-02 -3.8917E-03  1.0454E-03
  2.1921E+02 -1.8851E-02 -4.0521E-03  1.1159E-03
  2.1938E+02 -1.9533E-02 -4.2031E-03  1.1223E-03
  2.1956E+02 -1.9764E-02 -4.2683E-03  1.0310E-03
  2.1973E+02 -1.9590E-02 -4.2487E-03  8.9140E-04
  2.1991E+02 -1.9298E-02 -4.2044E-03  8.3925E-04
  2.2009E+02 -1.8937E-02 -4.1555E-03  8.0666E-04
  2.2026E+02 -1.8431E-02 -4.0896E-03  7.1030E-04
  2.2044E+02 -1.7978E-02 -4.0275E-03  6.5295E-04
  2.2061E+02 -1.7882E-02 -4.0231E-03  6.2465E-04
  2.2079E+02 -1.8069E-02 -4.0753E-03  4.8312E-04
  2.2096E+02 -1.8445E-02 -4.1665E-03  2.8026E-04
  2.2114E+02 -1.8972E-02 -4.2741E-03  1.7453E-04
  2.2131E+02 -1.9425E-02 -4.3649E-03  1.9328E-04
  2.2149E+02 -1.9822E-02 -4.4398E-03  2.3214E-04
  2.2166E+02 -2.0168E-02 -4.4925E-03  2.0341E-04
  2.2184E+02 -2.0478E-02 -4.5260E-03  1.3212E-04
  2.2201E+02 -2.0798E-02 -4.5611E-03  5.9328E-05
  2.2219E+02 -2.1199E-02 -4.6228E-03  2.3581E-05
  2.2237E+02 -2.1439E-02 -4.6785E-03 -1.1317E-05
  2.2254E+02 -2.1457E-02 -4.7162E-03 -9.0877E-05
  2.2272E+02 -2.1455E-02 -4.7489E-03 -2.0800E-04
  2.2289E+02 -2.1531E-02 -4.7807E-03 -3.3318E-04
  2.2307E+02 -2.1481E-02 -4.7941E-03 -4.0128E-04
  2.2324E+02 -2.1199E-02 -4.7722E-03 -4.5105E-04
  2.2342E+02 -2.0826E-02 -4.7369E-03 -5.2325E-04
  2.2359E+02 -2.0526E-02 -4.7160E-03 -6.3255E-04
  2.2377E+02 -2.0534E-02 -4.7423E-03 -8.3901E-04
  2.2394E+02 -2.0791E-02 -4.8035E-03 -1.0893E-03
  2.2412E+02 -2.0988E-02 -4.8452E-03 -1.3332E-03
  2.2429E+02 -2.1120E-02 -4.8669E-03 -1.5702E-03
  2.2447E+02 -2.1307E-02 -4.8897E-03 -1.7247E-03
  2.2464E+02 -2.1353E-02 -4.8856E-03 -1.7649E-03
  2.2482E+02 -2.1085E-02 -4.8186E-03 -1.7402E-03
  2.2500E+02 -2.0622E-02 -4.7121E-03 -1.7565E-03
  2.2517E+02 -2.0169E-02 -4.6126E-03 -1.8500E-03
  2.2535E+02 -1.9882E-02 -4.5412E-03 -1.8575E-03
  2.2552E+02 -1.9776E-02 -4.5013E-03 -1.7358E-03
  2.2570E+02 -1.9869E-02 -4.5091E-03 -1.5781E-03
  2.2587E+02 -1.9932E-02 -4.5212E-03 -1.4122E-03
  2.2605E+02 -1.9835E-02 -4.5074E-03 -1.2362E-03
  2.2622E+02 -1.9715E-02 -4.4926E-03 -1.0737E-03
  2.2640E+02 -1.9639E-02 -4.4867E-03 -9.6509E-04
  2.2657E+02 -1.9491E-02 -4.4714E-03 -9.4891E-04
  2.2675E+02 -1.9521E-02 -4.4817E-03 -1.0370E-03
  2.2692E+02 -1.9886E-02 -4.5383E-03 -1.1044E-03
  2.2710E+02 -2.0192E-02 -4.5898E-03 -1.0416E-03
  2.2728E+02 -2.0138E-02 -4.5901E-03 -9.5234E-04
  2.2745E+02 -1.9812E-02 -4.5459E-03 -9.3919E-04
  2.2763E+02 -1.9439E-02 -4.4807E-03 -9.6146E-04
  2.2780E+02 -1.9148E-02 -4.4135E-03 -9.3359E-04
  2.2798E+02 -1.8677E-02 -4.3145E-03 -8.8251E-04
  2.2815E+02 -1.8072E-02 -4.1847E-03 -8.2675E-04
  2.2833E+02 -1.7776E-02 -4.0879E-03 -7.6318E-04
  2.2850E+02 -1.7607E-02 -4.0150E-03 -7.5006E-04
  2.2868E+02 -1.7354E-02 -3.9465E-03 -7.9031E-04
  2.2885E+02 -1.6987E-02 -3.8746E-03 -8.5450E-04
  2.2903E+02 -1.6622E-02 -3.8044E-03 -8.6631E-04
  2.2920E+02 -1.6444E-02 -3.7610E-03 -7.8366E-04
  2.2938E+02 -1.6522E-02 -3.7625E-03 -6.2581E-04
  2.2956E+02 -1.6745E-02 -3.7951E-03 -4.1000E-04
  2.2973E+02 -1.6937E-02 -3.8257E-03 -1.9163E-04
  2.2991E+02 -1.7013E-02 -3.8284E-03 -3.8595E-05
  2.3008E+02 -1.6928E-02 -3.7998E-03  2.4728E-05
  2.3026E+02 -1.6684E-02 -3.7513E-03  2.3307E-05
  2.3043E+02 -1.6429E-02 -3.7072E-03  2.1077E-05
  2.3061E+02 -1.6469E-02 -3.7205E-03  1.8294E-05
  2.3078E+02 -1.6777E-02 -3.7915E-03 -2.8105E-05
  2.3096E+02 -1.7121E-02 -3.8796E-03 -8.1924E-05
  2.3113E+02 -1.7405E-02 -3.9475E-03 -2.8804E-05
  2.3131E+02 -1.7597E-02 -3.9843E-03  1.5987E-04
  2.3148E+02 -1.7703E-02 -3.9960E-03  3.5699E-04
  2.3166E+02 -1.7720E-02 -3.9901E-03  5.0423E-04
  2.3184E+02 -1.7776E-02 -3.9951E-03  5.6752E-04
  2.3201E+02 -1.7836E-02 -4.0079E-03  5.5086E-04
  2.3219E+02 -1.7761E-02 -4.0029E-03  5.3084E-04
  2.3236E+02 -1.7671E-02 -3.9904E-03  5.3733E-04
  2.3254E+02 -1.7684E-02 -3.9939E-03  5.6663E-04
  2.3271E+02 -1.7724E-02 -4.0123E-03  5.5259E-04
  2.3289E+02 -1.7904E-02 -4.0552E-03  4.7796E-04
  2.3306E+02 -1.8164E-02 -4.1152E-03  4.2589E-04
  2.3324E+02 -1.8307E-02 -4.1682E-03  3.7580E-04
  2.3341E+02 -1.8452E-02 -4.2232E-03  2.9714E-04
  2.3359E+02 -1.8666E-02 -4.2815E-03  1.8169E-04
  2.3376E+02 -1.8820E-02 -4.3290E-03 -3.0004E-05
  2.3394E+02 -1.9007E-02 -4.3830E-03 -3.3456E-04
  2.3412E+02 -1.9580E-02 -4.5014E-03 -6.7102E-04
  2.3429E+02 -2.0373E-02 -4.6573E-03 -1.0181E-03
  2.3447E+02 -2.1115E-02 -4.7997E-03 -1.3138E-03
  2.3464E+02 -2.1732E-02 -4.9150E-03 -1.4204E-03
  2.3482E+02 -2.2033E-02 -4.9748E-03 -1.3415E-03
  2.3499E+02 -2.1838E-02 -4.9496E-03 -1.1198E-03
  2.3517E+02 -2.1445E-02 -4.8862E-03 -8.7506E-04
  2.3534E+02 -2.1045E-02 -4.8233E-03 -7.1850E-04
  2.3552E+02 -2.0763E-02 -4.7768E-03 -6.5087E-04
  2.3569E+02 -2.0523E-02 -4.7351E-03 -7.0114E-04
  2.3587E+02 -2.0244E-02 -4.6681E-03 -9.1536E-04
  2.3604E+02 -2.0090E-02 -4.5966E-03 -1.2040E-03
  2.3622E+02 -1.9920E-02 -4.5195E-03 -1.4470E-03
  2.3640E+02 -1.9442E-02 -4.4033E-03 -1.5848E-03
  2.3657E+02 -1.8702E-02 -4.2534E-03 -1.6373E-03
  2.3675E+02 -1.8013E-02 -4.1255E-03 -1.6627E-03
  2.3692E+02 -1.7545E-02 -4.0422E-03 -1.7455E-03
  2.3710E+02 -1.7159E-02 -3.9700E-03 -1.8835E-03
  2.3727E+02 -1.6679E-02 -3.8756E-03 -1.9591E-03
  2.3745E+02 -1.6231E-02 -3.7715E-03 -1.9613E-03
  2.3762E+02 -1.6060E-02 -3.7039E-03 -1.9388E-03
  2.3780E+02 -1.6197E-02 -3.6977E-03 -1.9243E-03
  2.3797E+02 -1.6520E-02 -3.7441E-03 -1.9802E-03
  2.3815E+02 -1.6890E-02 -3.8159E-03 -2.0724E-03
  2.3832E+02 -1.7303E-02 -3.9030E-03 -2.1026E-03
  2.3850E+02 -1.7780E-02 -4.0031E-03 -2.0246E-03
  2.3868E+02 -1.8214E-02 -4.0938E-03 -1.9010E-03
  2.3885E+02 -1.8566E-02 -4.1727E-03 -1.7503E-03
  2.3903E+02 -1.8809E-02 -4.2446E-03 -1.5879E-03
  2.3920E+02 -1.8961E-02 -4.3047E-03 -1.3857E-03
  2.3938E+02 -1.9031E-02 -4.3376E-03 -1.1123E-03
  2.3955E+02 -1.9089E-02 -4.3498E-03 -8.0540E-04
  2.3973E+02 -1.9388E-02 -4.3950E-03 -5.7270E-04
  2.3990E+02 -1.9893E-02 -4.4845E-03 -4.2991E-04
  2.4008E+02 -2.0242E-02 -4.5554E-03 -3.6923E-04
  2.4026E+02 -2.0317E-02 -4.5767E-03 -4.1427E-04
  2.4044E+02 -2.0231E-02 -4.5692E-03 -4.8736E-04
  2.4063E+02 -2.0036E-02 -4.5470E-03 -4.6566E-04
  2.4081E+02 -2.0017E-02 -4.5484E-03 -3.2168E-04
  2.4099E+02 -2.0162E-02 -4.5675E-03 -1.9054E-04
  2.4118E+02 -2.0169E-02 -4.5563E-03 -2.0197E-04
  2.4136E+02 -1.9957E-02 -4.4947E-03 -3.3583E-04
  2.4155E+02 -1.9540E-02 -4.3977E-03 -4.9212E-04
  2.4173E+02 -1.9037E-02 -4.2926E-03 -5.5929E-04
  2.4191E+02 -1.8270E-02 -4.1526E-03 -5.3970E-04
  2.4210E+02 -1.7317E-02 -3.9849E-03 -5.7967E-04
  2.4228E+02 -1.6568E-02 -3.8405E-03 -6.8879E-04
  2.4247E+02 -1.6246E-02 -3.7646E-03 -8.6790E-04
  2.4265E+02 -1.6270E-02 -3.7455E-03 -1.0631E-03
  2.4284E+02 -1.6547E-02 -3.7674E-03 -1.1671E-03
  2.4302E+02 -1.6846E-02 -3.8000E-03 -1.2123E-03
  2.4320E+02 -1.6899E-02 -3.7945E-03 -1.2787E-03
  2.4339E+02 -1.6778E-02 -3.7659E-03 -1.3684E-03
  2.4357E+02 -1.6624E-02 -3.7470E-03 -1.4751E-03
  2.4376E+02 -1.6427E-02 -3.7319E-03 -1.5798E-03
  2.4394E+02 -1.6122E-02 -3.7001E-03 -1.6410E-03
  2.4412E+02 -1.5804E-02 -3.6678E-03 -1.6536E-03
  2.4431E+02 -1.5798E-02 -3.6779E-03 -1.5937E-03
  2.4449E+02 -1.6069E-02 -3.7215E-03 -1.4812E-03
  2.4468E+02 -1.6511E-02 -3.7932E-03 -1.3866E-03
  2.4486E+02 -1.7098E-02 -3.9017E-03 -1.2993E-03
  2.4505E+02 -1.7740E-02 -4.0325E-03 -1.1526E-03
  2.4523E+02 -1.8193E-02 -4.1266E-03 -1.0318E-03
  2.4541E+02 -1.8338E-02 -4.1594E-03 -1.0207E-03
  2.4560E+02 -1.8327E-02 -4.1623E-03 -1.0740E-03
  2.4578E+02 -1.8369E-02 -4.1662E-03 -1.2276E-03
  2.4597E+02 -1.8365E-02 -4.1504E-03 -1.3813E-03
  2.4615E+02 -1.8523E-02 -4.1600E-03 -1.4044E-03
  2.4633E+02 -1.8578E-02 -4.1619E-03 -1.4014E-03
  2.4652E+02 -1.8263E-02 -4.1076E-03 -1.4032E-03
  2.4670E+02 -1.7695E-02 -4.0024E-03 -1.3140E-03
  2.4689E+02 -1.7172E-02 -3.8839E-03 -1.1132E-03
  2.4707E+02 -1.6680E-02 -3.7605E-03 -8.3390E-04
  2.4726E+02 -1.6334E-02 -3.6630E-03 -5.1107E-04
  2.4744E+02 -1.6218E-02 -3.6130E-03 -2.2871E-04
  2.4762E+02 -1.5988E-02 -3.5523E-03 -3.0697E-05
  2.4781E+02 -1.5545E-02 -3.4543E-03  3.6091E-05
  2.4799E+02 -1.4958E-02 -3.3300E-03  1.2924E-05
  2.4818E+02 -1.4473E-02 -3.2240E-03 -1.4241E-05
  2.4836E+02 -1.4139E-02 -3.1435E-03 -1.9223E-05
  2.4854E+02 -1.3789E-02 -3.0521E-03  3.7651E-05
  2.4871E+02 -1.3490E-02 -2.9644E-03  1.1116E-04
  2.4888E+02 -1.3251E-02 -2.8952E-03  2.2341E-04
  2.4906E+02 -1.2976E-02 -2.8392E-03  3.2600E-04
  2.4923E+02 -1.2641E-02 -2.7869E-03  3.7942E-04
  2.4940E+02 -1.2438E-02 -2.7576E-03  3.9759E-04
  2.4958E+02 -1.2461E-02 -2.7671E-03  3.2299E-04
  2.4975E+02 -1.2579E-02 -2.7989E-03  1.7999E-04
  2.4993E+02 -1.2659E-02 -2.8201E-03  4.8651E-05
  2.5010E+02 -1.2726E-02 -2.8326E-03 -2.0978E-06
  2.5027E+02 -1.2842E-02 -2.8562E-03  2.0988E-07
  2.5045E+02 -1.2942E-02 -2.8887E-03 -2.7279E-05
  2.5062E+02 -1.3078E-02 -2.9286E-03 -6.8035E-05
  2.5079E+02 -1.3309E-02 -2.9769E-03 -9.2744E-05
  2.5097E+02 -1.3617E-02 -3.0341E-03 -6.9621E-05
  2.5114E+02 -1.3999E-02 -3.1102E-03 -5.9414E-06
  2.5132E+02 -1.4366E-02 -3.1948E-03  6.4572E-05
  2.5149E+02 -1.4678E-02 -3.2769E-03  8.6445E-05
  2.5166E+02 -1.5060E-02 -3.3658E-03  2.2220E-05
  2.5184E+02 -1.5452E-02 -3.4510E-03 -8.1578E-05
  2.5201E+02 -1.5739E-02 -3.5182E-03 -2.0109E-04
  2.5219E+02 -1.6016E-02 -3.5819E-03 -3.0435E-04
  2.5236E+02 -1.6399E-02 -3.6637E-03 -3.5184E-04
  2.5253E+02 -1.6773E-02 -3.7416E-03 -3.4501E-04
  2.5271E+02 -1.6953E-02 -3.7877E-03 -2.5346E-04
  2.5290E+02 -1.6907E-02 -3.8005E-03 -9.9508E-05
  2.5308E+02 -1.6786E-02 -3.7945E-03  4.1474E-05
  2.5326E+02 -1.6632E-02 -3.7668E-03  1.8144E-04
  2.5344E+02 -1.6476E-02 -3.7146E-03  3.1638E-04
  2.5363E+02 -1.6307E-02 -3.6476E-03  3.9045E-04
  2.5381E+02 -1.6243E-02 -3.5910E-03  4.1461E-04
  2.5399E+02 -1.6268E-02 -3.5527E-03  4.0397E-04
  2.5417E+02 -1.6117E-02 -3.5025E-03  3.9203E-04
  2.5436E+02 -1.5612E-02 -3.4055E-03  4.1246E-04
  2.5455E+02 -1.4981E-02 -3.2872E-03  4.4886E-04
  2.5474E+02 -1.4453E-02 -3.1840E-03  4.4539E-04
  2.5493E+02 -1.4035E-02 -3.0986E-03  3.8992E-04
  2.5512E+02 -1.3820E-02 -3.0555E-03  3.5121E-04
  2.5531E+02 -1.3562E-02 -3.0150E-03  3.6259E-04
  2.5551E+02 -1.3280E-02 -2.9618E-03  3.9117E-04
  2.5570E+02 -1.3051E-02 -2.9120E-03  3.8756E-04
  2.5589E+02 -1.2717E-02 -2.8578E-03  3.6913E-04
  2.5608E+02 -1.2352E-02 -2.8052E-03  4.1793E-04
  2.5627E+02 -1.2080E-02 -2.7528E-03  5.1258E-04
  2.5646E+02 -1.1883E-02 -2.6889E-03  5.5121E-04
  2.5666E+02 -1.1874E-02 -2.6531E-03  5.0123E-04
  2.5685E+02 -1.1920E-02 -2.6473E-03  3.7463E-04
  2.5704E+02 -1.1969E-02 -2.6616E-03  2.1891E-04
  2.5723E+02 -1.2042E-02 -2.6823E-03  1.0294E-04
  2.5742E+02 -1.1959E-02 -2.6729E-03  7.2119E-05
  2.5761E+02 -1.1945E-02 -2.6679E-03  1.0499E-04
  2.5781E+02 -1.2220E-02 -2.7161E-03  1.4474E-04
  2.5800E+02 -1.2525E-02 -2.7822E-03  1.6513E-04
  2.5819E+02 -1.2869E-02 -2.8548E-03  1.9632E-04
  2.5838E+02 -1.3305E-02 -2.9368E-03  2.4007E-04
  2.5857E+02 -1.3718E-02 -3.0166E-03  2.3853E-04
  2.5876E+02 -1.4203E-02 -3.1036E-03  2.4549E-04
  2.5896E+02 -1.4438E-02 -3.1458E-03  2.7272E-04
  2.5915E+02 -1.4226E-02 -3.1149E-03  2.5284E-04
  2.5934E+02 -1.3939E-02 -3.0643E-03  2.0959E-04
  2.5953E+02 -1.3823E-02 -3.0378E-03  1.9248E-04
  2.5972E+02 -1.3825E-02 -3.0334E-03  2.5829E-04
  2.5991E+02 -1.3920E-02 -3.0560E-03  3.4904E-04
  2.6011E+02 -1.4013E-02 -3.0858E-03  4.0078E-04
  2.6030E+02 -1.4251E-02 -3.1319E-03  4.3224E-04
  2.6049E+02 -1.4611E-02 -3.1903E-03  4.4915E-04
  2.6068E+02 -1.4714E-02 -3.2130E-03  4.5800E-04
  2.6087E+02 -1.4563E-02 -3.1996E-03  4.8043E-04
  2.6106E+02 -1.4438E-02 -3.1892E-03  5.3227E-04
  2.6126E+02 -1.4557E-02 -3.2164E-03  6.0050E-04
  2.6145E+02 -1.4933E-02 -3.2883E-03  6.4837E-04
  2.6164E+02 -1.5232E-02 -3.3494E-03  6.7226E-04
  2.6183E+02 -1.5395E-02 -3.3865E-03  6.5734E-04
  2.6202E+02 -1.5606E-02 -3.4304E-03  5.8665E-04
  2.6221E+02 -1.5805E-02 -3.4664E-03  4.8498E-04
  2.6241E+02 -1.5788E-02 -3.4604E-03  4.3649E-04
  2.6260E+02 -1.5646E-02 -3.4277E-03  4.9989E-04
  2.6279E+02 -1.5619E-02 -3.4169E-03  6.5329E-04
  2.6298E+02 -1.5771E-02 -3.4453E-03  8.0287E-04
  2.6317E+02 -1.6121E-02 -3.5083E-03  9.5389E-04
  2.6336E+02 -1.6534E-02 -3.5828E-03  1.1363E-03
  2.6356E+02 -1.6802E-02 -3.6397E-03  1.2572E-03
  2.6375E+02 -1.6727E-02 -3.6518E-03  1.2153E-03
  2.6394E+02 -1.6521E-02 -3.6453E-03  1.1712E-03
  2.6413E+02 -1.6619E-02 -3.6765E-03  1.1616E-03
  2.6432E+02 -1.6990E-02 -3.7539E-03  1.1268E-03
  2.6451E+02 -1.7144E-02 -3.8047E-03  1.0950E-03
  2.6470E+02 -1.7103E-02 -3.8119E-03  1.1473E-03
  2.6488E+02 -1.7239E-02 -3.8372E-03  1.2536E-03
  2.6506E+02 -1.7586E-02 -3.9041E-03  1.3508E-03
  2.6525E+02 -1.8072E-02 -4.0067E-03  1.3768E-03
  2.6543E+02 -1.8616E-02 -4.1235E-03  1.3381E-03
  2.6561E+02 -1.9053E-02 -4.2195E-03  1.2975E-03
  2.6579E+02 -1.9346E-02 -4.2855E-03  1.2895E-03
  2.6597E+02 -1.9475E-02 -4.3133E-03  1.3110E-03
  2.6616E+02 -1.9421E-02 -4.2982E-03  1.3530E-03
  2.6634E+02 -1.9341E-02 -4.2753E-03  1.3707E-03
  2.6652E+02 -1.9320E-02 -4.2726E-03  1.3051E-03
  2.6670E+02 -1.9156E-02 -4.2554E-03  1.1386E-03
  2.6688E+02 -1.8820E-02 -4.2096E-03  9.7198E-04
  2.6706E+02 -1.8519E-02 -4.1719E-03  8.5223E-04
  2.6725E+02 -1.8475E-02 -4.1756E-03  7.6559E-04
  2.6743E+02 -1.8683E-02 -4.2108E-03  7.3494E-04
  2.6761E+02 -1.9012E-02 -4.2583E-03  7.8416E-04
  2.6779E+02 -1.9373E-02 -4.3147E-03  8.8142E-04
  2.6797E+02 -1.9463E-02 -4.3328E-03  9.9117E-04
  2.6816E+02 -1.9195E-02 -4.2934E-03  1.0400E-03
  2.6834E+02 -1.8962E-02 -4.2603E-03  9.7799E-04
  2.6852E+02 -1.8903E-02 -4.2597E-03  9.0043E-04
  2.6870E+02 -1.8830E-02 -4.2533E-03  8.8788E-04
  2.6888E+02 -1.8703E-02 -4.2403E-03  9.2677E-04
  2.6907E+02 -1.8617E-02 -4.2377E-03  9.8043E-04
  2.6925E+02 -1.8546E-02 -4.2388E-03  9.5255E-04
  2.6943E+02 -1.8322E-02 -4.2099E-03  7.6146E-04
  2.6961E+02 -1.7917E-02 -4.1389E-03  4.8891E-04
  2.6979E+02 -1.7420E-02 -4.0329E-03  2.7043E-04
  2.6998E+02 -1.6862E-02 -3.9050E-03  1.8680E-04
  2.7016E+02 -1.6400E-02 -3.7915E-03  8.7260E-05
  2.7034E+02 -1.5957E-02 -3.6908E-03 -8.4280E-05
  2.7052E+02 -1.5452E-02 -3.5933E-03 -2.5591E-04
  2.7070E+02 -1.4981E-02 -3.5004E-03 -4.1574E-04
  2.7089E+02 -1.4628E-02 -3.4228E-03 -5.1915E-04
  2.7107E+02 -1.4417E-02 -3.3702E-03 -5.4318E-04
  2.7124E+02 -1.4285E-02 -3.3333E-03 -5.1990E-04
  2.7141E+02 -1.4339E-02 -3.3297E-03 -4.9617E-04
  2.7158E+02 -1.4669E-02 -3.3845E-03 -5.1019E-04
  2.7176E+02 -1.5157E-02 -3.4807E-03 -5.6689E-04
  2.7193E+02 -1.5630E-02 -3.5787E-03 -6.6351E-04
  2.7210E+02 -1.5809E-02 -3.6213E-03 -7.7410E-04
  2.7228E+02 -1.5557E-02 -3.5862E-03 -8.7609E-04
  2.7245E+02 -1.5150E-02 -3.5197E-03 -1.0068E-03
  2.7262E+02 -1.4827E-02 -3.4666E-03 -1.1638E-03
  2.7279E+02 -1.4600E-02 -3.4299E-03 -1.2969E-03
  2.7297E+02 -1.4557E-02 -3.4192E-03 -1.4446E-03
  2.7314E+02 -1.4683E-02 -3.4391E-03 -1.6032E-03
  2.7331E+02 -1.4838E-02 -3.4677E-03 -1.6185E-03
  2.7349E+02 -1.5001E-02 -3.4943E-03 -1.4781E-03
  2.7367E+02 -1.5309E-02 -3.5371E-03 -1.3508E-03
  2.7385E+02 -1.5723E-02 -3.5966E-03 -1.2938E-03
  2.7403E+02 -1.6021E-02 -3.6404E-03 -1.2079E-03
  2.7421E+02 -1.6054E-02 -3.6382E-03 -1.0618E-03
  2.7439E+02 -1.5993E-02 -3.6100E-03 -9.2005E-04
  2.7457E+02 -1.5784E-02 -3.5528E-03 -8.2875E-04
  2.7476E+02 -1.5344E-02 -3.4551E-03 -7.9314E-04
  2.7494E+02 -1.4857E-02 -3.3499E-03 -8.2666E-04
  2.7512E+02 -1.4437E-02 -3.2626E-03 -9.0586E-04
  2.7530E+02 -1.4073E-02 -3.1960E-03 -9.6399E-04
  2.7548E+02 -1.3834E-02 -3.1583E-03 -9.8097E-04
  2.7566E+02 -1.3861E-02 -3.1688E-03 -9.6289E-04
  2.7584E+02 -1.4104E-02 -3.2210E-03 -8.7701E-04
  2.7603E+02 -1.4438E-02 -3.2950E-03 -7.9208E-04
  2.7621E+02 -1.4737E-02 -3.3646E-03 -7.5276E-04
  2.7639E+02 -1.4972E-02 -3.4211E-03 -6.9923E-04
  2.7657E+02 -1.5258E-02 -3.4872E-03 -6.4963E-04
  2.7675E+02 -1.5524E-02 -3.5552E-03 -6.1341E-04
  2.7694E+02 -1.5602E-02 -3.5991E-03 -5.2810E-04
  2.7713E+02 -1.5557E-02 -3.6198E-03 -4.1231E-04
  2.7732E+02 -1.5622E-02 -3.6504E-03 -3.3680E-04
  2.7751E+02 -1.5932E-02 -3.7168E-03 -3.9796E-04
  2.7770E+02 -1.6477E-02 -3.8216E-03 -5.6766E-04
  2.7789E+02 -1.7128E-02 -3.9463E-03 -6.6314E-04
  2.7808E+02 -1.7779E-02 -4.0769E-03 -6.0053E-04
  2.7827E+02 -1.8374E-02 -4.2009E-03 -5.2734E-04
  2.7846E+02 -1.8791E-02 -4.3007E-03 -5.1835E-04
  2.7865E+02 -1.9147E-02 -4.3969E-03 -5.9123E-04
  2.7884E+02 -1.9625E-02 -4.5179E-03 -6.9700E-04
  2.7903E+02 -2.0231E-02 -4.6586E-03 -7.8220E-04
  2.7922E+02 -2.1032E-02 -4.8305E-03 -8.5830E-04
  2.7941E+02 -2.1802E-02 -5.0016E-03 -8.8146E-04
  2.7960E+02 -2.2389E-02 -5.1339E-03 -8.5572E-04
  2.7979E+02 -2.2895E-02 -5.2336E-03 -8.0103E-04
  2.7998E+02 -2.3333E-02 -5.3234E-03 -7.4223E-04
  2.8017E+02 -2.3637E-02 -5.4040E-03 -7.7740E-04
  2.8037E+02 -2.3922E-02 -5.4815E-03 -9.2588E-04
  2.8056E+02 -2.4459E-02 -5.5846E-03 -1.0876E-03
  2.8075E+02 -2.5131E-02 -5.7024E-03 -1.2012E-03
  2.8094E+02 -2.5915E-02 -5.8511E-03 -1.3341E-03
  2.8113E+02 -2.6944E-02 -6.0593E-03 -1.5251E-03
  2.8132E+02 -2.8112E-02 -6.3082E-03 -1.6624E-03
  2.8150E+02 -2.9308E-02 -6.5666E-03 -1.6684E-03
  2.8168E+02 -3.0210E-02 -6.7780E-03 -1.5860E-03
  2.8186E+02 -3.0784E-02 -6.9267E-03 -1.5154E-03
  2.8204E+02 -3.1083E-02 -7.0184E-03 -1.4318E-03
  2.8223E+02 -3.1299E-02 -7.0884E-03 -1.3170E-03
  2.8241E+02 -3.1558E-02 -7.1471E-03 -1.2849E-03
  2.8259E+02 -3.1743E-02 -7.1772E-03 -1.2934E-03
  2.8277E+02 -3.1648E-02 -7.1590E-03 -1.2181E-03
  2.8295E+02 -3.1286E-02 -7.1033E-03 -1.0505E-03
  2.8313E+02 -3.0899E-02 -7.0423E-03 -8.4737E-04
  2.8331E+02 -3.0664E-02 -7.0016E-03 -6.4845E-04
  2.8349E+02 -3.0419E-02 -6.9467E-03 -5.2491E-04
  2.8367E+02 -3.0063E-02 -6.8570E-03 -5.0962E-04
  2.8385E+02 -2.9672E-02 -6.7625E-03 -5.3235E-04
  2.8403E+02 -2.9274E-02 -6.6763E-03 -5.2412E-04
  2.8421E+02 -2.8650E-02 -6.5570E-03 -5.0540E-04
  2.8439E+02 -2.7285E-02 -6.2987E-03 -5.1032E-04
  2.8457E+02 -2.5561E-02 -5.9435E-03 -5.3424E-04
  2.8475E+02 -2.4173E-02 -5.6218E-03 -5.5933E-04
  2.8493E+02 -2.3245E-02 -5.3760E-03 -5.6538E-04
  2.8511E+02 -2.2528E-02 -5.1808E-03 -5.4669E-04
  2.8529E+02 -2.1889E-02 -5.0240E-03 -4.9712E-04
  2.8547E+02 -2.1209E-02 -4.8713E-03 -4.2619E-04
  2.8565E+02 -2.0566E-02 -4.7201E-03 -4.1166E-04
  2.8583E+02 -2.0091E-02 -4.5958E-03 -4.2146E-04
  2.8601E+02 -1.9698E-02 -4.4943E-03 -3.4862E-04
  2.8619E+02 -1.9252E-02 -4.3912E-03 -2.0876E-04
  2.8637E+02 -1.8861E-02 -4.2983E-03 -1.1564E-04
  2.8655E+02 -1.8321E-02 -4.1765E-03 -1.2066E-04
  2.8674E+02 -1.7521E-02 -4.0071E-03 -2.3374E-04
  2.8692E+02 -1.6852E-02 -3.8362E-03 -3.0410E-04
  2.8710E+02 -1.6171E-02 -3.6526E-03 -2.8189E-04
  2.8728E+02 -1.5427E-02 -3.4703E-03 -2.3132E-04
  2.8746E+02 -1.4784E-02 -3.3281E-03 -1.8064E-04
  2.8764E+02 -1.4252E-02 -3.2307E-03 -1.3203E-04
  2.8782E+02 -1.4137E-02 -3.2179E-03 -4.8965E-05
  2.8800E+02 -1.4312E-02 -3.2603E-03 -4.5267E-05
  2.8818E+02 -1.4585E-02 -3.3169E-03 -1.3485E-04
  2.8836E+02 -1.4755E-02 -3.3548E-03 -2.4877E-04
  2.8854E+02 -1.4670E-02 -3.3453E-03 -2.6556E-04
  2.8872E+02 -1.4386E-02 -3.3010E-03 -2.1413E-04
  2.8890E+02 -1.4086E-02 -3.2545E-03 -2.1683E-04
  2.8908E+02 -1.4064E-02 -3.2485E-03 -2.3567E-04
  2.8926E+02 -1.4382E-02 -3.3017E-03 -1.6657E-04
  2.8944E+02 -1.4761E-02 -3.3631E-03 -1.3630E-05
  2.8962E+02 -1.4966E-02 -3.3911E-03  1.1248E-04
  2.8980E+02 -1.4911E-02 -3.3805E-03  1.6998E-04
  2.8998E+02 -1.4642E-02 -3.3435E-03  1.4821E-04
  2.9016E+02 -1.4628E-02 -3.3485E-03  4.2044E-05
  2.9034E+02 -1.5001E-02 -3.4216E-03 -6.3552E-05
  2.9052E+02 -1.5541E-02 -3.5233E-03 -5.1877E-05
  2.9070E+02 -1.5885E-02 -3.5950E-03  1.7535E-05
  2.9088E+02 -1.5871E-02 -3.6077E-03  7.9239E-05
  2.9106E+02 -1.5649E-02 -3.5786E-03  1.5446E-04
  2.9125E+02 -1.5437E-02 -3.5466E-03  2.3812E-04
  2.9143E+02 -1.5546E-02 -3.5737E-03  2.6144E-04
  2.9161E+02 -1.5949E-02 -3.6572E-03  2.1967E-04
  2.9179E+02 -1.6344E-02 -3.7508E-03  1.8845E-04
  2.9197E+02 -1.6515E-02 -3.8157E-03  2.1979E-04
  2.9215E+02 -1.6849E-02 -3.8958E-03  3.0205E-04
  2.9233E+02 -1.7338E-02 -3.9870E-03  3.6964E-04
  2.9251E+02 -1.7833E-02 -4.0789E-03  4.2008E-04
  2.9269E+02 -1.8354E-02 -4.1904E-03  4.5088E-04
  2.9287E+02 -1.8794E-02 -4.2879E-03  4.5738E-04
  2.9305E+02 -1.9207E-02 -4.3638E-03  5.0425E-04
  2.9323E+02 -1.9725E-02 -4.4519E-03  5.9505E-04
  2.9341E+02 -2.0209E-02 -4.5378E-03  6.8066E-04
  2.9359E+02 -2.0249E-02 -4.5464E-03  6.5778E-04
  2.9377E+02 -1.9764E-02 -4.4579E-03  6.4280E-04
  2.9395E+02 -1.9189E-02 -4.3369E-03  6.7077E-04
  2.9413E+02 -1.8706E-02 -4.2219E-03  7.2360E-04
  2.9431E+02 -1.8227E-02 -4.1138E-03  7.6254E-04
  2.9449E+02 -1.7712E-02 -4.0039E-03  9.0451E-04
  2.9467E+02 -1.7173E-02 -3.8900E-03  1.1140E-03
  2.9485E+02 -1.6653E-02 -3.7788E-03  1.2762E-03
  2.9503E+02 -1.6080E-02 -3.6613E-03  1.3763E-03
  2.9521E+02 -1.5603E-02 -3.5768E-03  1.4125E-03
  2.9539E+02 -1.5622E-02 -3.5874E-03  1.3979E-03
  2.9557E+02 -1.5945E-02 -3.6432E-03  1.3760E-03
  2.9576E+02 -1.6000E-02 -3.6422E-03  1.2449E-03
  2.9594E+02 -1.5608E-02 -3.5615E-03  1.0805E-03
  2.9612E+02 -1.4916E-02 -3.4285E-03  9.4467E-04
  2.9630E+02 -1.4292E-02 -3.3035E-03  7.5782E-04
  2.9648E+02 -1.4079E-02 -3.2558E-03  4.7094E-04
  2.9666E+02 -1.4128E-02 -3.2642E-03  2.2015E-04
  2.9684E+02 -1.4118E-02 -3.2691E-03  6.3286E-05
  2.9702E+02 -1.4045E-02 -3.2596E-03 -7.7295E-05
  2.9720E+02 -1.3933E-02 -3.2496E-03 -2.2460E-04
  2.9738E+02 -1.4097E-02 -3.3003E-03 -4.2417E-04
  2.9756E+02 -1.4408E-02 -3.3808E-03 -6.7048E-04
  2.9774E+02 -1.4919E-02 -3.4870E-03 -8.6198E-04
  2.9792E+02 -1.5725E-02 -3.6359E-03 -9.3146E-04
  2.9810E+02 -1.6604E-02 -3.7922E-03 -1.0126E-03
  2.9828E+02 -1.7366E-02 -3.9260E-03 -1.0709E-03
  2.9846E+02 -1.7878E-02 -4.0148E-03 -1.0503E-03
  2.9864E+02 -1.8138E-02 -4.0542E-03 -9.2852E-04
  2.9882E+02 -1.8166E-02 -4.0496E-03 -8.0631E-04
  2.9900E+02 -1.8338E-02 -4.0658E-03 -6.7238E-04
  2.9918E+02 -1.8912E-02 -4.1570E-03 -5.0710E-04
  2.9936E+02 -1.9610E-02 -4.2948E-03 -3.7107E-04
  2.9954E+02 -1.9983E-02 -4.3963E-03 -3.0042E-04
  2.9972E+02 -2.0175E-02 -4.4514E-03 -2.4879E-04
  2.9990E+02 -2.0461E-02 -4.4972E-03 -1.7960E-04
  3.0008E+02 -2.0620E-02 -4.5150E-03 -1.2608E-04
  3.0026E+02 -2.0473E-02 -4.4855E-03 -4.7038E-05
  3.0045E+02 -2.0155E-02 -4.4254E-03  2.6005E-05
  3.0063E+02 -2.0020E-02 -4.3889E-03  6.6017E-05
  3.0081E+02 -2.0014E-02 -4.3763E-03  1.4925E-04
  3.0099E+02 -1.9787E-02 -4.3304E-03  2.4682E-04
  3.0117E+02 -1.9306E-02 -4.2468E-03  2.9145E-04
  3.0135E+02 -1.8602E-02 -4.1299E-03  2.9263E-04
  3.0153E+02 -1.7862E-02 -3.9984E-03  2.8396E-04
  3.0171E+02 -1.7434E-02 -3.9105E-03  2.9692E-04
  3.0189E+02 -1.7427E-02 -3.8890E-03  3.3178E-04
  3.0207E+02 -1.7333E-02 -3.8458E-03  3.7436E-04
  3.0225E+02 -1.6838E-02 -3.7315E-03  4.6057E-04
  3.0243E+02 -1.6270E-02 -3.6059E-03  5.9502E-04
  3.0261E+02 -1.5757E-02 -3.4962E-03  7.4411E-04
  3.0279E+02 -1.5418E-02 -3.4260E-03  8.7794E-04
  3.0297E+02 -1.5214E-02 -3.3931E-03  1.0067E-03
  3.0315E+02 -1.5065E-02 -3.3693E-03  1.1541E-03
  3.0333E+02 -1.4997E-02 -3.3562E-03  1.2647E-03
  3.0351E+02 -1.4949E-02 -3.3521E-03  1.3305E-03
  3.0369E+02 -1.5143E-02 -3.3854E-03  1.3888E-03
  3.0387E+02 -1.5585E-02 -3.4601E-03  1.4060E-03
  3.0405E+02 -1.6040E-02 -3.5486E-03  1.3575E-03
  3.0423E+02 -1.6399E-02 -3.6346E-03  1.2572E-03
  3.0442E+02 -1.6471E-02 -3.6730E-03  1.1047E-03
  3.0461E+02 -1.6264E-02 -3.6581E-03  9.5676E-04
  3.0480E+02 -1.6174E-02 -3.6579E-03  8.6158E-04
  3.0499E+02 -1.6257E-02 -3.6850E-03  7.9584E-04
  3.0518E+02 -1.6265E-02 -3.6966E-03  6.5014E-04
  3.0537E+02 -1.6115E-02 -3.6760E-03  3.8543E-04
  3.0556E+02 -1.6012E-02 -3.6518E-03  1.2705E-04
  3.0575E+02 -1.6068E-02 -3.6575E-03 -1.1863E-05
  3.0594E+02 -1.6282E-02 -3.6999E-03 -8.3374E-05
  3.0613E+02 -1.6521E-02 -3.7473E-03 -1.5582E-04
  3.0632E+02 -1.6534E-02 -3.7443E-03 -2.5349E-04
  3.0651E+02 -1.6478E-02 -3.7173E-03 -4.0052E-04
  3.0670E+02 -1.6513E-02 -3.7063E-03 -5.5393E-04
  3.0689E+02 -1.6469E-02 -3.6911E-03 -6.7759E-04
  3.0708E+02 -1.6396E-02 -3.6728E-03 -7.6212E-04
  3.0727E+02 -1.6533E-02 -3.6936E-03 -7.5796E-04
  3.0745E+02 -1.6746E-02 -3.7440E-03 -6.3212E-04
  3.0764E+02 -1.6798E-02 -3.7826E-03 -4.4163E-04
  3.0783E+02 -1.6799E-02 -3.8172E-03 -2.9936E-04
  3.0802E+02 -1.7105E-02 -3.8945E-03 -2.6692E-04
  3.0821E+02 -1.7680E-02 -3.9988E-03 -3.1909E-04
  3.0840E+02 -1.8180E-02 -4.0851E-03 -4.0559E-04
  3.0859E+02 -1.8522E-02 -4.1465E-03 -4.2959E-04
  3.0878E+02 -1.8947E-02 -4.2212E-03 -3.8904E-04
  3.0897E+02 -1.9374E-02 -4.3087E-03 -3.9829E-04
  3.0916E+02 -1.9765E-02 -4.3992E-03 -4.1941E-04
  3.0935E+02 -2.0346E-02 -4.5193E-03 -3.7057E-04
  3.0954E+02 -2.0956E-02 -4.6414E-03 -3.6154E-04
  3.0973E+02 -2.1321E-02 -4.7252E-03 -4.7249E-04
  3.0992E+02 -2.1573E-02 -4.7862E-03 -5.9178E-04
  3.1011E+02 -2.1467E-02 -4.7796E-03 -6.7608E-04
  3.1030E+02 -2.0824E-02 -4.6690E-03 -7.1102E-04
  3.1049E+02 -2.0221E-02 -4.5491E-03 -7.5530E-04
  3.1067E+02 -1.9961E-02 -4.4813E-03 -8.1709E-04
  3.1086E+02 -1.9958E-02 -4.4586E-03 -8.9648E-04
  3.1105E+02 -1.9955E-02 -4.4345E-03 -9.6540E-04
  3.1124E+02 -1.9594E-02 -4.3510E-03 -8.9369E-04
  3.1143E+02 -1.9060E-02 -4.2343E-03 -7.2999E-04
  3.1162E+02 -1.8528E-02 -4.1176E-03 -5.5754E-04
  3.1181E+02 -1.7919E-02 -3.9880E-03 -3.5464E-04
  3.1200E+02 -1.7397E-02 -3.8811E-03 -1.6183E-04
  3.1219E+02 -1.7042E-02 -3.8038E-03 -1.5066E-05
  3.1238E+02 -1.6864E-02 -3.7433E-03  1.3548E-04
  3.1257E+02 -1.6777E-02 -3.6858E-03  2.5382E-04
  3.1276E+02 -1.6589E-02 -3.6172E-03  2.4636E-04
  3.1295E+02 -1.6151E-02 -3.5252E-03  1.1091E-04
  3.1314E+02 -1.5668E-02 -3.4320E-03 -7.1263E-05
  3.1333E+02 -1.5347E-02 -3.3593E-03 -1.7606E-04
  3.1352E+02 -1.5189E-02 -3.3282E-03 -1.8539E-04
  3.1371E+02 -1.5117E-02 -3.3294E-03 -2.5651E-04
  3.1389E+02 -1.5012E-02 -3.3243E-03 -4.6092E-04
  3.1408E+02 -1.5012E-02 -3.3305E-03 -7.0398E-04
  3.1427E+02 -1.5101E-02 -3.3537E-03 -9.6616E-04
  3.1446E+02 -1.5213E-02 -3.3763E-03 -1.2210E-03
  3.1465E+02 -1.5316E-02 -3.3905E-03 -1.3891E-03
  3.1484E+02 -1.5172E-02 -3.3687E-03 -1.4387E-03
  3.1503E+02 -1.4988E-02 -3.3375E-03 -1.5031E-03
  3.1522E+02 -1.4909E-02 -3.3201E-03 -1.5687E-03
  3.1541E+02 -1.4757E-02 -3.2961E-03 -1.5747E-03
  3.1560E+02 -1.4546E-02 -3.2722E-03 -1.5978E-03
  3.1579E+02 -1.4417E-02 -3.2642E-03 -1.6577E-03
  3.1598E+02 -1.4328E-02 -3.2593E-03 -1.7092E-03
  3.1617E+02 -1.4342E-02 -3.2653E-03 -1.7438E-03
  3.1636E+02 -1.4438E-02 -3.2783E-03 -1.8079E-03
  3.1655E+02 -1.4644E-02 -3.3113E-03 -1.9457E-03
  3.1674E+02 -1.4943E-02 -3.3714E-03 -2.0689E-03
  3.1693E+02 -1.5250E-02 -3.4335E-03 -2.0426E-03
  3.1711E+02 -1.5458E-02 -3.4687E-03 -1.9281E-03
  3.1730E+02 -1.5315E-02 -3.4386E-03 -1.8104E-03
  3.1749E+02 -1.4928E-02 -3.3568E-03 -1.6968E-03
  3.1768E+02 -1.4682E-02 -3.2921E-03 -1.5846E-03
  3.1787E+02 -1.4652E-02 -3.2745E-03 -1.4431E-03
  3.1806E+02 -1.4570E-02 -3.2628E-03 -1.2869E-03
  3.1825E+02 -1.4335E-02 -3.2301E-03 -1.1160E-03
  3.1844E+02 -1.4074E-02 -3.1943E-03 -9.7987E-04
  3.1863E+02 -1.3831E-02 -3.1625E-03 -8.9879E-04
  3.1882E+02 -1.3763E-02 -3.1609E-03 -8.2370E-04
  3.1901E+02 -1.3785E-02 -3.1723E-03 -6.8492E-04
  3.1920E+02 -1.3812E-02 -3.1802E-03 -5.5140E-04
  3.1939E+02 -1.3947E-02 -3.2053E-03 -4.3018E-04
  3.1958E+02 -1.4135E-02 -3.2381E-03 -2.7283E-04
  3.1977E+02 -1.4259E-02 -3.2560E-03 -1.5162E-04
  3.1996E+02 -1.4434E-02 -3.2800E-03 -6.0901E-05
  3.2015E+02 -1.4687E-02 -3.3204E-03  9.4189E-05
  3.2033E+02 -1.4916E-02 -3.3679E-03  2.2873E-04
  3.2052E+02 -1.5267E-02 -3.4463E-03  2.2346E-04
  3.2071E+02 -1.5854E-02 -3.5652E-03  1.2699E-04
  3.2090E+02 -1.6294E-02 -3.6600E-03 -1.1101E-05
  3.2109E+02 -1.6424E-02 -3.7018E-03 -1.3416E-04
  3.2128E+02 -1.6347E-02 -3.7047E-03 -2.1113E-04
  3.2147E+02 -1.6228E-02 -3.6937E-03 -2.9084E-04
  3.2166E+02 -1.6376E-02 -3.7174E-03 -3.8138E-04
  3.2185E+02 -1.6732E-02 -3.7717E-03 -4.2764E-04
  3.2204E+02 -1.7064E-02 -3.8221E-03 -4.0246E-04
  3.2223E+02 -1.7295E-02 -3.8626E-03 -3.2586E-04
  3.2242E+02 -1.7311E-02 -3.8784E-03 -2.2046E-04
  3.2261E+02 -1.7348E-02 -3.8972E-03 -6.9671E-05
  3.2280E+02 -1.7460E-02 -3.9276E-03  7.7839E-05
  3.2299E+02 -1.7472E-02 -3.9458E-03  1.5890E-04
  3.2318E+02 -1.7425E-02 -3.9579E-03  2.0892E-04
  3.2337E+02 -1.7442E-02 -3.9710E-03  2.5815E-04
  3.2355E+02 -1.7589E-02 -3.9939E-03  2.6173E-04
  3.2374E+02 -1.7755E-02 -4.0222E-03  2.3128E-04
  3.2393E+02 -1.7787E-02 -4.0324E-03  2.3736E-04
  3.2412E+02 -1.7918E-02 -4.0594E-03  3.1479E-04
  3.2431E+02 -1.8183E-02 -4.1151E-03  4.0849E-04
  3.2450E+02 -1.8356E-02 -4.1685E-03  4.8400E-04
  3.2469E+02 -1.8512E-02 -4.2284E-03  4.9859E-04
  3.2488E+02 -1.8755E-02 -4.3013E-03  4.3279E-04
  3.2507E+02 -1.9043E-02 -4.3744E-03  3.7422E-04
  3.2526E+02 -1.9532E-02 -4.4803E-03  4.2603E-04
  3.2545E+02 -2.0270E-02 -4.6257E-03  4.9922E-04
  3.2564E+02 -2.1047E-02 -4.7719E-03  5.6399E-04
  3.2583E+02 -2.1564E-02 -4.8714E-03  6.3429E-04
  3.2602E+02 -2.1848E-02 -4.9342E-03  7.0828E-04
  3.2621E+02 -2.2019E-02 -4.9692E-03  7.9856E-04
  3.2640E+02 -2.1945E-02 -4.9495E-03  8.8161E-04
  3.2659E+02 -2.1709E-02 -4.8962E-03  9.7731E-04
  3.2678E+02 -2.1350E-02 -4.8274E-03  1.1022E-03
  3.2696E+02 -2.0955E-02 -4.7569E-03  1.2148E-03
  3.2715E+02 -2.0819E-02 -4.7230E-03  1.2208E-03
  3.2734E+02 -2.0904E-02 -4.7163E-03  1.1286E-03
  3.2753E+02 -2.1039E-02 -4.7112E-03  1.0879E-03
  3.2771E+02 -2.1088E-02 -4.6928E-03  1.1793E-03
  3.2788E+02 -2.1111E-02 -4.6755E-03  1.3667E-03
  3.2806E+02 -2.0987E-02 -4.6526E-03  1.5347E-03
  3.2823E+02 -2.0633E-02 -4.6043E-03  1.6444E-03
  3.2840E+02 -2.0258E-02 -4.5530E-03  1.6584E-03
  3.2857E+02 -2.0112E-02 -4.5283E-03  1.5854E-03
  3.2874E+02 -2.0275E-02 -4.5539E-03  1.4459E-03
  3.2891E+02 -2.0552E-02 -4.6134E-03  1.1965E-03
  3.2908E+02 -2.0803E-02 -4.6717E-03  9.3419E-04
  3.2925E+02 -2.0832E-02 -4.6848E-03  8.0159E-04
  3.2942E+02 -2.0649E-02 -4.6543E-03  7.7971E-04
  3.2959E+02 -2.0466E-02 -4.6190E-03  7.6131E-04
  3.2976E+02 -2.0402E-02 -4.6035E-03  7.7940E-04
  3.2993E+02 -2.0293E-02 -4.5826E-03  8.8333E-04
  3.3010E+02 -1.9835E-02 -4.5063E-03  9.8875E-04
  3.3028E+02 -1.9143E-02 -4.3809E-03  1.0536E-03
  3.3045E+02 -1.8477E-02 -4.2419E-03  1.0786E-03
  3.3062E+02 -1.7922E-02 -4.1215E-03  1.0005E-03
  3.3079E+02 -1.7571E-02 -4.0497E-03  8.8481E-04
  3.3096E+02 -1.7545E-02 -4.0428E-03  8.0561E-04
  3.3113E+02 -1.7912E-02 -4.0989E-03  8.0296E-04
  3.3130E+02 -1.8468E-02 -4.1828E-03  8.1620E-04
  3.3147E+02 -1.8853E-02 -4.2406E-03  8.0027E-04
  3.3164E+02 -1.9019E-02 -4.2605E-03  8.2200E-04
  3.3182E+02 -1.8884E-02 -4.2344E-03  9.3004E-04
  3.3200E+02 -1.8590E-02 -4.1906E-03  1.1324E-03
  3.3218E+02 -1.8432E-02 -4.1687E-03  1.3637E-03
  3.3236E+02 -1.8469E-02 -4.1788E-03  1.5429E-03
  3.3254E+02 -1.8474E-02 -4.1887E-03  1.6210E-03
  3.3272E+02 -1.8555E-02 -4.2046E-03  1.6899E-03
  3.3290E+02 -1.9007E-02 -4.2740E-03  1.7540E-03
  3.3308E+02 -1.9455E-02 -4.3514E-03  1.6630E-03
  3.3326E+02 -1.9354E-02 -4.3611E-03  1.4882E-03
  3.3344E+02 -1.8800E-02 -4.2971E-03  1.4193E-03
  3.3361E+02 -1.8197E-02 -4.2058E-03  1.3753E-03
  3.3379E+02 -1.7716E-02 -4.1152E-03  1.2143E-03
  3.3397E+02 -1.7478E-02 -4.0453E-03  8.8002E-04
  3.3415E+02 -1.7305E-02 -3.9768E-03  4.6555E-04
  3.3433E+02 -1.7015E-02 -3.8804E-03  1.6176E-04
  3.3451E+02 -1.6593E-02 -3.7556E-03  2.6200E-05
  3.3469E+02 -1.5984E-02 -3.5950E-03 -3.7184E-05
  3.3487E+02 -1.5463E-02 -3.4590E-03 -1.4029E-04
  3.3505E+02 -1.5110E-02 -3.3838E-03 -2.4876E-04
  3.3523E+02 -1.4800E-02 -3.3426E-03 -2.7879E-04
  3.3541E+02 -1.4581E-02 -3.3167E-03 -2.4870E-04
  3.3559E+02 -1.4327E-02 -3.2727E-03 -3.1246E-04
  3.3577E+02 -1.4007E-02 -3.2064E-03 -5.1284E-04
  3.3595E+02 -1.3636E-02 -3.1192E-03 -7.6561E-04
  3.3612E+02 -1.3323E-02 -3.0457E-03 -9.1016E-04
  3.3630E+02 -1.3148E-02 -3.0096E-03 -8.8214E-04
  3.3648E+02 -1.3025E-02 -2.9877E-03 -7.7820E-04
  3.3666E+02 -1.2924E-02 -2.9588E-03 -7.3363E-04
  3.3684E+02 -1.2929E-02 -2.9368E-03 -7.3456E-04
  3.3702E+02 -1.2938E-02 -2.9319E-03 -6.6053E-04
  3.3720E+02 -1.2741E-02 -2.9115E-03 -4.9610E-04
  3.3738E+02 -1.2399E-02 -2.8642E-03 -2.8356E-04
  3.3756E+02 -1.2089E-02 -2.8165E-03 -9.3626E-05
  3.3774E+02 -1.1848E-02 -2.7775E-03  5.2608E-05
  3.3792E+02 -1.1732E-02 -2.7536E-03  2.0052E-04
  3.3810E+02 -1.1770E-02 -2.7587E-03  2.6163E-04
  3.3828E+02 -1.1990E-02 -2.8031E-03  2.4953E-04
  3.3845E+02 -1.2419E-02 -2.8850E-03  2.9035E-04
  3.3863E+02 -1.3035E-02 -3.0050E-03  3.7707E-04
  3.3881E+02 -1.3647E-02 -3.1355E-03  4.0761E-04
  3.3899E+02 -1.3984E-02 -3.2226E-03  3.4696E-04
  3.3917E+02 -1.4008E-02 -3.2370E-03  2.4553E-04
  3.3935E+02 -1.3761E-02 -3.1832E-03  1.8413E-04
  3.3953E+02 -1.3391E-02 -3.0996E-03  1.0766E-04
  3.3971E+02 -1.3128E-02 -3.0369E-03 -1.0532E-05
  3.3989E+02 -1.2946E-02 -2.9974E-03 -1.3650E-04
  3.4007E+02 -1.2839E-02 -2.9743E-03 -2.2003E-04
  3.4025E+02 -1.2909E-02 -2.9773E-03 -2.6583E-04
  3.4043E+02 -1.3250E-02 -3.0195E-03 -2.8485E-04
  3.4061E+02 -1.3709E-02 -3.0889E-03 -3.0546E-04
  3.4079E+02 -1.4255E-02 -3.1874E-03 -3.2559E-04
  3.4096E+02 -1.4765E-02 -3.2946E-03 -3.5263E-04
  3.4114E+02 -1.5039E-02 -3.3684E-03 -4.2247E-04
  3.4132E+02 -1.5233E-02 -3.4208E-03 -5.1214E-04
  3.4150E+02 -1.5242E-02 -3.4395E-03 -5.8312E-04
  3.4168E+02 -1.4999E-02 -3.4135E-03 -6.1039E-04
  3.4186E+02 -1.4878E-02 -3.4004E-03 -5.4885E-04
  3.4204E+02 -1.4888E-02 -3.4011E-03 -4.2274E-04
  3.4222E+02 -1.4811E-02 -3.3888E-03 -3.1965E-04
  3.4240E+02 -1.4762E-02 -3.3931E-03 -2.6544E-04
  3.4258E+02 -1.4893E-02 -3.4329E-03 -2.2661E-04
  3.4276E+02 -1.5181E-02 -3.4886E-03 -2.0346E-04
  3.4294E+02 -1.5587E-02 -3.5548E-03 -1.8822E-04
  3.4312E+02 -1.6030E-02 -3.6287E-03 -2.5720E-04
  3.4330E+02 -1.6425E-02 -3.6960E-03 -4.0027E-04
  3.4347E+02 -1.6848E-02 -3.7698E-03 -5.0670E-04
  3.4365E+02 -1.7225E-02 -3.8355E-03 -5.8501E-04
  3.4383E+02 -1.7269E-02 -3.8432E-03 -6.3391E-04
  3.4401E+02 -1.7090E-02 -3.8149E-03 -6.4762E-04
  3.4419E+02 -1.7020E-02 -3.8022E-03 -6.7449E-04
  3.4437E+02 -1.7023E-02 -3.7884E-03 -7.1048E-04
  3.4455E+02 -1.6799E-02 -3.7287E-03 -7.6733E-04
  3.4473E+02 -1.6372E-02 -3.6365E-03 -8.8456E-04
  3.4491E+02 -1.6061E-02 -3.5590E-03 -1.0666E-03
  3.4509E+02 -1.5998E-02 -3.5180E-03 -1.2685E-03
  3.4527E+02 -1.5817E-02 -3.4675E-03 -1.4439E-03
  3.4545E+02 -1.5218E-02 -3.3550E-03 -1.5999E-03
  3.4563E+02 -1.4516E-02 -3.2233E-03 -1.7103E-03
  3.4580E+02 -1.4159E-02 -3.1464E-03 -1.7181E-03
  3.4598E+02 -1.4081E-02 -3.1259E-03 -1.6803E-03
  3.4616E+02 -1.3989E-02 -3.1077E-03 -1.6870E-03
  3.4634E+02 -1.3751E-02 -3.0641E-03 -1.7156E-03
  3.4652E+02 -1.3407E-02 -3.0067E-03 -1.7212E-03
  3.4670E+02 -1.3107E-02 -2.9527E-03 -1.7322E-03
  3.4688E+02 -1.2925E-02 -2.9066E-03 -1.7656E-03
  3.4706E+02 -1.2771E-02 -2.8620E-03 -1.7796E-03
  3.4724E+02 -1.2640E-02 -2.8346E-03 -1.7211E-03
  3.4742E+02 -1.2570E-02 -2.8272E-03 -1.6656E-03
  3.4760E+02 -1.2527E-02 -2.8231E-03 -1.6852E-03
  3.4778E+02 -1.2454E-02 -2.8137E-03 -1.7485E-03
  3.4796E+02 -1.2413E-02 -2.8029E-03 -1.8039E-03
  3.4814E+02 -1.2305E-02 -2.7725E-03 -1.8214E-03
  3.4831E+02 -1.2155E-02 -2.7319E-03 -1.7717E-03
  3.4849E+02 -1.2123E-02 -2.7173E-03 -1.6617E-03
  3.4867E+02 -1.2093E-02 -2.7151E-03 -1.5317E-03
  3.4885E+02 -1.1972E-02 -2.7013E-03 -1.3870E-03
  3.4903E+02 -1.1870E-02 -2.6913E-03 -1.2476E-03
