# CREATED BY GENE DIAGNOSTICS TOOL on Tue Aug 25 12:01:14 2020
# diag: nrgsummary, run(s): 0018, time window: 0-160.01151(1 steps), species: tungsten
# original data path: /global/cscratch1/sd/stirkas/genecode/prob_impITG/
# normalization: L_ref=1.65m
#
#  t          G_tot       Q_tot       P_tot     
  0.0000E+00  0.0000E+00  0.0000E+00  0.0000E+00
  2.4919E-01  9.7195E-06 -2.0192E-06 -3.3332E-05
  4.9839E-01  1.1675E-05 -3.9349E-06 -2.1431E-04
  7.4758E-01  6.7571E-06 -5.9411E-06 -4.7297E-04
  9.9678E-01 -6.0455E-06 -8.8299E-06 -6.7217E-04
  1.2460E+00 -2.0828E-05 -1.1974E-05 -7.7501E-04
  1.4952E+00 -3.5406E-05 -1.4925E-05 -7.9372E-04
  1.7444E+00 -4.7250E-05 -1.7226E-05 -7.6577E-04
  1.9936E+00 -5.2942E-05 -1.8434E-05 -7.1836E-04
  2.2428E+00 -5.1616E-05 -1.8481E-05 -6.4136E-04
  2.4919E+00 -4.6087E-05 -1.7789E-05 -4.9738E-04
  2.7411E+00 -4.2431E-05 -1.7264E-05 -2.5803E-04
  2.9903E+00 -4.6182E-05 -1.7791E-05  6.9338E-05
  3.2395E+00 -5.8339E-05 -1.9598E-05  4.4920E-04
  3.4887E+00 -7.4656E-05 -2.2095E-05  8.3401E-04
  3.7379E+00 -8.8991E-05 -2.4385E-05  1.1691E-03
  3.9871E+00 -9.8115E-05 -2.6013E-05  1.4037E-03
  4.2363E+00 -1.0333E-04 -2.7225E-05  1.5216E-03
  4.4855E+00 -1.0733E-04 -2.8454E-05  1.5537E-03
  4.7347E+00 -1.1130E-04 -2.9851E-05  1.5548E-03
  4.9839E+00 -1.1591E-04 -3.1441E-05  1.5717E-03
  5.2331E+00 -1.2281E-04 -3.3402E-05  1.6279E-03
  5.4823E+00 -1.3428E-04 -3.6060E-05  1.7206E-03
  5.7315E+00 -1.5262E-04 -3.9772E-05  1.8208E-03
  5.9807E+00 -1.7994E-04 -4.4865E-05  1.8870E-03
  6.2299E+00 -2.1793E-04 -5.1598E-05  1.8928E-03
  6.4791E+00 -2.6711E-04 -6.0081E-05  1.8451E-03
  6.7283E+00 -3.2657E-04 -7.0229E-05  1.7835E-03
  6.9775E+00 -3.9469E-04 -8.1828E-05  1.7703E-03
  7.2267E+00 -4.6937E-04 -9.4576E-05  1.8734E-03
  7.4758E+00 -5.4819E-04 -1.0812E-04  2.1387E-03
  7.7250E+00 -6.2988E-04 -1.2229E-04  2.5677E-03
  7.9742E+00 -7.1537E-04 -1.3725E-04  3.1199E-03
  8.2234E+00 -8.0675E-04 -1.5333E-04  3.7349E-03
  8.4726E+00 -9.0592E-04 -1.7081E-04  4.3468E-03
  8.7218E+00 -1.0139E-03 -1.8983E-04  4.8985E-03
  8.9710E+00 -1.1308E-03 -2.1043E-04  5.3655E-03
  9.2202E+00 -1.2561E-03 -2.3257E-04  5.7654E-03
  9.4694E+00 -1.3883E-03 -2.5603E-04  6.1386E-03
  9.7186E+00 -1.5243E-03 -2.8034E-04  6.5266E-03
  9.9678E+00 -1.6638E-03 -3.0537E-04  6.9574E-03
  1.0217E+01 -1.8114E-03 -3.3180E-04  7.4289E-03
  1.0466E+01 -1.9729E-03 -3.6053E-04  7.9001E-03
  1.0715E+01 -2.1524E-03 -3.9229E-04  8.3013E-03
  1.0965E+01 -2.3538E-03 -4.2768E-04  8.5770E-03
  1.1214E+01 -2.5762E-03 -4.6668E-04  8.7062E-03
  1.1463E+01 -2.8168E-03 -5.0890E-04  8.7080E-03
  1.1712E+01 -3.0727E-03 -5.5393E-04  8.6370E-03
  1.1961E+01 -3.3396E-03 -6.0106E-04  8.5544E-03
  1.2211E+01 -3.6157E-03 -6.4990E-04  8.5098E-03
  1.2460E+01 -3.9024E-03 -7.0066E-04  8.5090E-03
  1.2709E+01 -4.2070E-03 -7.5432E-04  8.5125E-03
  1.2958E+01 -4.5397E-03 -8.1242E-04  8.4347E-03
  1.3207E+01 -4.9101E-03 -8.7637E-04  8.1438E-03
  1.3455E+01 -5.3228E-03 -9.4699E-04  7.5265E-03
  1.3692E+01 -5.7623E-03 -1.0218E-03  6.5754E-03
  1.3928E+01 -6.2501E-03 -1.1045E-03  5.2790E-03
  1.4165E+01 -6.7886E-03 -1.1956E-03  3.7225E-03
  1.4393E+01 -7.3578E-03 -1.2915E-03  2.0952E-03
  1.4617E+01 -7.9694E-03 -1.3943E-03  5.0182E-04
  1.4841E+01 -8.6354E-03 -1.5062E-03 -9.9356E-04
  1.5065E+01 -9.3595E-03 -1.6279E-03 -2.3770E-03
  1.5289E+01 -1.0144E-02 -1.7601E-03 -3.7169E-03
  1.5513E+01 -1.0992E-02 -1.9029E-03 -5.1296E-03
  1.5735E+01 -1.1892E-02 -2.0545E-03 -6.7344E-03
  1.5948E+01 -1.2813E-02 -2.2092E-03 -8.5292E-03
  1.6160E+01 -1.3794E-02 -2.3734E-03 -1.0527E-02
  1.6373E+01 -1.4836E-02 -2.5474E-03 -1.2623E-02
  1.6584E+01 -1.5937E-02 -2.7305E-03 -1.4714E-02
  1.6786E+01 -1.7044E-02 -2.9140E-03 -1.6705E-02
  1.6987E+01 -1.8211E-02 -3.1065E-03 -1.8691E-02
  1.7189E+01 -1.9439E-02 -3.3076E-03 -2.0715E-02
  1.7390E+01 -2.0728E-02 -3.5177E-03 -2.2913E-02
  1.7592E+01 -2.2077E-02 -3.7373E-03 -2.5393E-02
  1.7793E+01 -2.3475E-02 -3.9644E-03 -2.8130E-02
  1.7995E+01 -2.4904E-02 -4.1960E-03 -3.0987E-02
  1.8197E+01 -2.6331E-02 -4.4271E-03 -3.3913E-02
  1.8398E+01 -2.7717E-02 -4.6524E-03 -3.6971E-02
  1.8600E+01 -2.9043E-02 -4.8694E-03 -4.0172E-02
  1.8801E+01 -3.0288E-02 -5.0756E-03 -4.3446E-02
  1.9003E+01 -3.1441E-02 -5.2694E-03 -4.6885E-02
  1.9205E+01 -3.2508E-02 -5.4507E-03 -5.0821E-02
  1.9406E+01 -3.3532E-02 -5.6252E-03 -5.5263E-02
  1.9608E+01 -3.4556E-02 -5.8003E-03 -6.0031E-02
  1.9809E+01 -3.5645E-02 -5.9855E-03 -6.5099E-02
  2.0002E+01 -3.6792E-02 -6.1769E-03 -7.0122E-02
  2.0193E+01 -3.8010E-02 -6.3780E-03 -7.5121E-02
  2.0384E+01 -3.9258E-02 -6.5816E-03 -7.9989E-02
  2.0576E+01 -4.0496E-02 -6.7795E-03 -8.4650E-02
  2.0765E+01 -4.1698E-02 -6.9669E-03 -8.8198E-02
  2.0946E+01 -4.2817E-02 -7.1389E-03 -8.9929E-02
  2.1128E+01 -4.3929E-02 -7.3088E-03 -9.0618E-02
  2.1309E+01 -4.5105E-02 -7.4854E-03 -9.1153E-02
  2.1483E+01 -4.6273E-02 -7.6549E-03 -9.1717E-02
  2.1655E+01 -4.7355E-02 -7.8037E-03 -9.1924E-02
  2.1827E+01 -4.8214E-02 -7.9110E-03 -9.1591E-02
  2.2000E+01 -4.8675E-02 -7.9542E-03 -9.0669E-02
  2.2172E+01 -4.8594E-02 -7.9152E-03 -8.9000E-02
  2.2344E+01 -4.7961E-02 -7.7964E-03 -8.6831E-02
  2.2517E+01 -4.6917E-02 -7.6219E-03 -8.5247E-02
  2.2689E+01 -4.5615E-02 -7.4145E-03 -8.5573E-02
  2.2861E+01 -4.4050E-02 -7.1728E-03 -8.8215E-02
  2.3034E+01 -4.2274E-02 -6.9050E-03 -9.2692E-02
  2.3206E+01 -4.0710E-02 -6.6727E-03 -9.8708E-02
  2.3379E+01 -3.9670E-02 -6.5170E-03 -1.0476E-01
  2.3551E+01 -3.8901E-02 -6.3978E-03 -1.0902E-01
  2.3723E+01 -3.8202E-02 -6.2817E-03 -1.1017E-01
  2.3896E+01 -3.7539E-02 -6.1629E-03 -1.0737E-01
  2.4068E+01 -3.7012E-02 -6.0713E-03 -1.0112E-01
  2.4240E+01 -3.7091E-02 -6.0806E-03 -9.3164E-02
  2.4413E+01 -3.8031E-02 -6.2175E-03 -8.6328E-02
  2.4585E+01 -3.9675E-02 -6.4471E-03 -8.1118E-02
  2.4757E+01 -4.1334E-02 -6.6690E-03 -7.5400E-02
  2.4930E+01 -4.1940E-02 -6.7350E-03 -6.9503E-02
  2.5102E+01 -4.1457E-02 -6.6449E-03 -6.3912E-02
  2.5275E+01 -4.0807E-02 -6.5373E-03 -5.5459E-02
  2.5447E+01 -4.0580E-02 -6.5033E-03 -4.4007E-02
  2.5619E+01 -4.0478E-02 -6.4995E-03 -3.3261E-02
  2.5792E+01 -3.9636E-02 -6.3907E-03 -2.5112E-02
  2.5964E+01 -3.7808E-02 -6.1290E-03 -1.9792E-02
  2.6136E+01 -3.5516E-02 -5.7973E-03 -1.7787E-02
  2.6309E+01 -3.3239E-02 -5.4719E-03 -1.8273E-02
  2.6481E+01 -3.1354E-02 -5.2042E-03 -1.9706E-02
  2.6654E+01 -3.0227E-02 -5.0455E-03 -2.0917E-02
  2.6826E+01 -2.9975E-02 -5.0143E-03 -2.1785E-02
  2.7004E+01 -3.0371E-02 -5.0790E-03 -2.2430E-02
  2.7185E+01 -3.0935E-02 -5.1667E-03 -2.4066E-02
  2.7366E+01 -3.1568E-02 -5.2619E-03 -2.5335E-02
  2.7547E+01 -3.2555E-02 -5.4096E-03 -2.3716E-02
  2.7728E+01 -3.3916E-02 -5.6125E-03 -2.0467E-02
  2.7909E+01 -3.5576E-02 -5.8594E-03 -1.7803E-02
  2.8090E+01 -3.7363E-02 -6.1310E-03 -1.6492E-02
  2.8271E+01 -3.8979E-02 -6.3846E-03 -1.5505E-02
  2.8452E+01 -4.0151E-02 -6.5718E-03 -1.2731E-02
  2.8633E+01 -4.1096E-02 -6.7188E-03 -8.8071E-03
  2.8821E+01 -4.2197E-02 -6.8812E-03 -4.2497E-03
  2.9011E+01 -4.2998E-02 -6.9980E-03 -1.6054E-04
  2.9201E+01 -4.3383E-02 -7.0525E-03  1.7916E-03
  2.9391E+01 -4.3508E-02 -7.0582E-03  1.3513E-03
  2.9581E+01 -4.3519E-02 -7.0356E-03 -1.3817E-04
  2.9771E+01 -4.3601E-02 -7.0231E-03 -1.2973E-03
  2.9961E+01 -4.3504E-02 -7.0001E-03 -2.5664E-03
  3.0151E+01 -4.3302E-02 -6.9846E-03 -5.4295E-03
  3.0341E+01 -4.3229E-02 -7.0062E-03 -6.3908E-03
  3.0531E+01 -4.3417E-02 -7.0705E-03 -3.6549E-03
  3.0728E+01 -4.3588E-02 -7.1368E-03  6.3608E-04
  3.0927E+01 -4.2855E-02 -7.0798E-03  4.4386E-03
  3.1127E+01 -4.1130E-02 -6.8738E-03  8.7950E-03
  3.1326E+01 -3.9493E-02 -6.6689E-03  1.2467E-02
  3.1526E+01 -3.9270E-02 -6.6680E-03  1.1950E-02
  3.1725E+01 -4.0387E-02 -6.8589E-03  7.6224E-03
  3.1925E+01 -4.2185E-02 -7.1433E-03  2.0620E-03
  3.2124E+01 -4.3640E-02 -7.3817E-03 -4.8711E-03
  3.2324E+01 -4.3535E-02 -7.3943E-03 -1.1471E-02
  3.2523E+01 -4.2386E-02 -7.2400E-03 -1.5581E-02
  3.2723E+01 -4.1478E-02 -7.0909E-03 -1.5106E-02
  3.2922E+01 -4.0985E-02 -6.9829E-03 -1.3727E-02
  3.3122E+01 -4.0431E-02 -6.8524E-03 -1.5246E-02
  3.3321E+01 -3.9628E-02 -6.7036E-03 -1.9496E-02
  3.3521E+01 -3.9112E-02 -6.6291E-03 -2.3844E-02
  3.3721E+01 -3.9060E-02 -6.6370E-03 -2.6322E-02
  3.3920E+01 -3.9022E-02 -6.6481E-03 -2.7095E-02
  3.4120E+01 -4.0011E-02 -6.8056E-03 -2.7027E-02
  3.4319E+01 -4.2039E-02 -7.1135E-03 -2.7938E-02
  3.4519E+01 -4.2971E-02 -7.2661E-03 -2.9632E-02
  3.4718E+01 -4.2195E-02 -7.1616E-03 -3.1302E-02
  3.4918E+01 -4.1258E-02 -7.0226E-03 -3.1024E-02
  3.5117E+01 -4.1389E-02 -7.0306E-03 -2.6929E-02
  3.5317E+01 -4.2312E-02 -7.1576E-03 -2.1004E-02
  3.5516E+01 -4.3668E-02 -7.3555E-03 -1.2109E-02
  3.5716E+01 -4.5408E-02 -7.6118E-03  9.8762E-04
  3.5915E+01 -4.7901E-02 -7.9740E-03  1.2341E-02
  3.6115E+01 -5.0608E-02 -8.3593E-03  2.1240E-02
  3.6315E+01 -5.2593E-02 -8.6317E-03  2.8617E-02
  3.6514E+01 -5.3810E-02 -8.7747E-03  3.0794E-02
  3.6714E+01 -5.5162E-02 -8.9398E-03  2.9829E-02
  3.6913E+01 -5.6118E-02 -9.0626E-03  2.2412E-02
  3.7113E+01 -5.5457E-02 -8.9550E-03  1.1270E-02
  3.7312E+01 -5.4096E-02 -8.7402E-03 -1.0728E-04
  3.7512E+01 -5.3427E-02 -8.6403E-03 -1.0380E-02
  3.7711E+01 -5.3577E-02 -8.6784E-03 -1.7233E-02
  3.7911E+01 -5.4413E-02 -8.8085E-03 -1.9952E-02
  3.8110E+01 -5.4945E-02 -8.8902E-03 -2.0829E-02
  3.8310E+01 -5.4529E-02 -8.8451E-03 -2.1017E-02
  3.8509E+01 -5.4072E-02 -8.8066E-03 -1.9674E-02
  3.8709E+01 -5.3375E-02 -8.7620E-03 -1.3985E-02
  3.8909E+01 -5.2122E-02 -8.6453E-03 -3.9457E-03
  3.9108E+01 -5.1480E-02 -8.5918E-03  8.5698E-03
  3.9308E+01 -5.2336E-02 -8.7383E-03  1.9645E-02
  3.9507E+01 -5.3306E-02 -8.8888E-03  2.7358E-02
  3.9707E+01 -5.3500E-02 -8.9019E-03  3.2469E-02
  3.9906E+01 -5.2990E-02 -8.8139E-03  3.6093E-02
  4.0106E+01 -5.1654E-02 -8.6276E-03  3.9265E-02
  4.0305E+01 -4.9845E-02 -8.3760E-03  4.0914E-02
  4.0505E+01 -4.8073E-02 -8.1245E-03  4.3179E-02
  4.0704E+01 -4.6777E-02 -7.9468E-03  5.0755E-02
  4.0904E+01 -4.5737E-02 -7.7974E-03  5.9633E-02
  4.1103E+01 -4.4912E-02 -7.6676E-03  5.9972E-02
  4.1303E+01 -4.4344E-02 -7.5621E-03  5.2092E-02
  4.1503E+01 -4.3357E-02 -7.3867E-03  4.2401E-02
  4.1702E+01 -4.2391E-02 -7.1923E-03  3.7697E-02
  4.1902E+01 -4.2042E-02 -7.0852E-03  3.8647E-02
  4.2101E+01 -4.2038E-02 -7.0485E-03  4.2060E-02
  4.2301E+01 -4.2570E-02 -7.1125E-03  4.5539E-02
  4.2500E+01 -4.4126E-02 -7.3268E-03  4.7354E-02
  4.2700E+01 -4.6780E-02 -7.6875E-03  4.8490E-02
  4.2899E+01 -4.9667E-02 -8.0915E-03  5.1410E-02
  4.3099E+01 -5.1135E-02 -8.3109E-03  5.3939E-02
  4.3298E+01 -5.1037E-02 -8.3200E-03  5.3434E-02
  4.3498E+01 -5.0368E-02 -8.2491E-03  4.8462E-02
  4.3697E+01 -5.0196E-02 -8.2425E-03  4.0333E-02
  4.3897E+01 -5.1138E-02 -8.3862E-03  3.4371E-02
  4.4096E+01 -5.3237E-02 -8.6869E-03  2.9209E-02
  4.4296E+01 -5.5025E-02 -8.9575E-03  2.2796E-02
  4.4496E+01 -5.5609E-02 -9.0662E-03  1.7254E-02
  4.4695E+01 -5.5566E-02 -9.0709E-03  1.0313E-02
  4.4895E+01 -5.4896E-02 -8.9669E-03  1.6036E-03
  4.5094E+01 -5.4128E-02 -8.8345E-03 -8.0169E-03
  4.5294E+01 -5.3660E-02 -8.7547E-03 -1.5853E-02
  4.5493E+01 -5.2384E-02 -8.5762E-03 -2.0147E-02
  4.5693E+01 -4.9808E-02 -8.2198E-03 -2.1700E-02
  4.5892E+01 -4.6525E-02 -7.7560E-03 -2.4767E-02
  4.6092E+01 -4.3634E-02 -7.3363E-03 -3.1714E-02
  4.6291E+01 -4.1250E-02 -6.9722E-03 -3.8349E-02
  4.6491E+01 -3.9491E-02 -6.6832E-03 -4.1781E-02
  4.6690E+01 -3.8659E-02 -6.5283E-03 -4.4558E-02
  4.6890E+01 -3.9024E-02 -6.5576E-03 -4.5880E-02
  4.7090E+01 -4.0070E-02 -6.6960E-03 -4.2346E-02
  4.7289E+01 -4.0959E-02 -6.8080E-03 -3.5203E-02
  4.7489E+01 -4.2326E-02 -6.9882E-03 -3.1717E-02
  4.7688E+01 -4.4076E-02 -7.2379E-03 -3.5475E-02
  4.7888E+01 -4.5588E-02 -7.4783E-03 -4.1156E-02
  4.8087E+01 -4.7036E-02 -7.7289E-03 -4.3218E-02
  4.8287E+01 -4.8313E-02 -7.9375E-03 -3.8456E-02
  4.8486E+01 -4.9074E-02 -8.0425E-03 -3.3281E-02
  4.8686E+01 -4.9051E-02 -8.0352E-03 -3.3219E-02
  4.8885E+01 -4.8805E-02 -8.0039E-03 -3.5804E-02
  4.9085E+01 -4.9099E-02 -8.0501E-03 -3.7043E-02
  4.9284E+01 -4.9367E-02 -8.0908E-03 -3.3838E-02
  4.9484E+01 -4.9189E-02 -8.0666E-03 -2.9876E-02
  4.9684E+01 -4.9158E-02 -8.0614E-03 -3.3110E-02
  4.9883E+01 -5.0085E-02 -8.1916E-03 -4.2306E-02
  5.0083E+01 -5.1584E-02 -8.4134E-03 -4.8463E-02
  5.0282E+01 -5.2420E-02 -8.5510E-03 -4.6533E-02
  5.0482E+01 -5.1754E-02 -8.4826E-03 -3.8437E-02
  5.0681E+01 -4.9997E-02 -8.2693E-03 -2.8357E-02
  5.0881E+01 -4.8458E-02 -8.0918E-03 -1.7648E-02
  5.1080E+01 -4.8197E-02 -8.1002E-03 -8.1566E-03
  5.1280E+01 -4.9246E-02 -8.2890E-03 -3.1348E-03
  5.1479E+01 -5.0642E-02 -8.5088E-03 -2.7204E-03
  5.1679E+01 -5.0916E-02 -8.5694E-03 -3.7485E-03
  5.1878E+01 -4.9778E-02 -8.4420E-03 -3.9171E-03
  5.2078E+01 -4.7782E-02 -8.1920E-03 -3.7456E-03
  5.2278E+01 -4.6414E-02 -8.0193E-03 -4.0310E-05
  5.2477E+01 -4.5901E-02 -7.9486E-03  4.3235E-03
  5.2677E+01 -4.6241E-02 -7.9765E-03  3.3867E-03
  5.2876E+01 -4.7565E-02 -8.1315E-03 -3.8167E-03
  5.3076E+01 -4.8929E-02 -8.3003E-03 -1.1415E-02
  5.3275E+01 -4.9547E-02 -8.3758E-03 -1.6780E-02
  5.3475E+01 -5.0083E-02 -8.4377E-03 -2.1829E-02
  5.3674E+01 -5.0839E-02 -8.5085E-03 -2.7143E-02
  5.3868E+01 -5.1775E-02 -8.6095E-03 -3.1646E-02
  5.4057E+01 -5.2535E-02 -8.7084E-03 -3.4812E-02
  5.4246E+01 -5.3164E-02 -8.8026E-03 -3.7594E-02
  5.4436E+01 -5.3460E-02 -8.8377E-03 -3.7898E-02
  5.4625E+01 -5.3223E-02 -8.7682E-03 -3.4419E-02
  5.4814E+01 -5.2522E-02 -8.6283E-03 -3.0155E-02
  5.5003E+01 -5.3036E-02 -8.6873E-03 -2.9683E-02
  5.5193E+01 -5.5107E-02 -8.9958E-03 -3.1213E-02
  5.5382E+01 -5.7837E-02 -9.4129E-03 -3.1249E-02
  5.5571E+01 -6.0199E-02 -9.7765E-03 -2.7429E-02
  5.5761E+01 -6.2201E-02 -1.0088E-02 -2.3727E-02
  5.5950E+01 -6.4108E-02 -1.0394E-02 -1.7665E-02
  5.6139E+01 -6.5454E-02 -1.0624E-02 -6.6822E-03
  5.6329E+01 -6.5762E-02 -1.0680E-02  1.1455E-02
  5.6518E+01 -6.4493E-02 -1.0497E-02  2.7416E-02
  5.6707E+01 -6.3143E-02 -1.0285E-02  3.5520E-02
  5.6897E+01 -6.2426E-02 -1.0157E-02  3.9294E-02
  5.7086E+01 -6.1262E-02 -9.9823E-03  3.9967E-02
  5.7275E+01 -6.0561E-02 -9.8823E-03  3.4132E-02
  5.7464E+01 -6.1142E-02 -9.9751E-03  2.0811E-02
  5.7654E+01 -6.2161E-02 -1.0141E-02  6.6527E-03
  5.7843E+01 -6.2806E-02 -1.0261E-02  1.9122E-03
  5.8032E+01 -6.2539E-02 -1.0265E-02  4.7799E-03
  5.8222E+01 -6.1815E-02 -1.0203E-02  8.9646E-03
  5.8411E+01 -6.1638E-02 -1.0202E-02  1.6074E-02
  5.8600E+01 -6.2035E-02 -1.0260E-02  2.5307E-02
  5.8790E+01 -6.2807E-02 -1.0363E-02  3.3010E-02
  5.8979E+01 -6.3680E-02 -1.0499E-02  3.8977E-02
  5.9168E+01 -6.3790E-02 -1.0533E-02  4.8562E-02
  5.9357E+01 -6.3288E-02 -1.0470E-02  6.1870E-02
  5.9547E+01 -6.2754E-02 -1.0419E-02  7.3447E-02
  5.9736E+01 -6.1676E-02 -1.0307E-02  7.9480E-02
  5.9925E+01 -5.9836E-02 -1.0074E-02  8.1418E-02
  6.0115E+01 -5.8147E-02 -9.8157E-03  8.2298E-02
  6.0304E+01 -5.7466E-02 -9.6649E-03  8.5334E-02
  6.0493E+01 -5.7924E-02 -9.6683E-03  9.3716E-02
  6.0683E+01 -5.8625E-02 -9.7105E-03  1.0579E-01
  6.0872E+01 -5.8863E-02 -9.6833E-03  1.1477E-01
  6.1061E+01 -5.8057E-02 -9.5124E-03  1.1810E-01
  6.1250E+01 -5.5890E-02 -9.1718E-03  1.1976E-01
  6.1440E+01 -5.2810E-02 -8.7009E-03  1.1962E-01
  6.1629E+01 -4.9941E-02 -8.2494E-03  1.1638E-01
  6.1818E+01 -4.7809E-02 -7.9085E-03  1.1255E-01
  6.2008E+01 -4.6263E-02 -7.6645E-03  1.1095E-01
  6.2197E+01 -4.5222E-02 -7.5193E-03  1.1089E-01
  6.2386E+01 -4.4587E-02 -7.4511E-03  1.0870E-01
  6.2576E+01 -4.3426E-02 -7.3070E-03  1.0096E-01
  6.2765E+01 -4.1908E-02 -7.0935E-03  9.1187E-02
  6.2954E+01 -4.1145E-02 -6.9794E-03  8.5354E-02
  6.3144E+01 -4.1408E-02 -7.0239E-03  8.1403E-02
  6.3333E+01 -4.2375E-02 -7.1839E-03  7.1865E-02
  6.3522E+01 -4.3387E-02 -7.3465E-03  5.5387E-02
  6.3711E+01 -4.3892E-02 -7.4339E-03  3.5636E-02
  6.3901E+01 -4.2948E-02 -7.3172E-03  1.7318E-02
  6.4090E+01 -4.1287E-02 -7.0822E-03  5.4075E-03
  6.4279E+01 -4.0559E-02 -6.9566E-03  2.6397E-04
  6.4469E+01 -4.1082E-02 -7.0007E-03 -4.4451E-03
  6.4658E+01 -4.2478E-02 -7.1887E-03 -1.4771E-02
  6.4847E+01 -4.4339E-02 -7.4626E-03 -2.6121E-02
  6.5037E+01 -4.5716E-02 -7.6618E-03 -3.0706E-02
  6.5226E+01 -4.6672E-02 -7.7855E-03 -3.2292E-02
  6.5415E+01 -4.7239E-02 -7.8576E-03 -3.6858E-02
  6.5604E+01 -4.7530E-02 -7.9067E-03 -4.3699E-02
  6.5794E+01 -4.7462E-02 -7.9015E-03 -4.5084E-02
  6.5983E+01 -4.6681E-02 -7.7930E-03 -3.8832E-02
  6.6172E+01 -4.5447E-02 -7.6469E-03 -2.8042E-02
  6.6362E+01 -4.5015E-02 -7.6343E-03 -1.9166E-02
  6.6551E+01 -4.5668E-02 -7.7644E-03 -1.4421E-02
  6.6740E+01 -4.6255E-02 -7.8758E-03 -8.6726E-03
  6.6936E+01 -4.6293E-02 -7.9024E-03 -5.9320E-03
  6.7135E+01 -4.6001E-02 -7.8811E-03 -6.1639E-03
  6.7334E+01 -4.5323E-02 -7.8033E-03 -4.9489E-03
  6.7533E+01 -4.5128E-02 -7.7818E-03  5.0924E-04
  6.7731E+01 -4.4975E-02 -7.7449E-03  1.2957E-02
  6.7930E+01 -4.4102E-02 -7.5896E-03  2.8424E-02
  6.8129E+01 -4.2902E-02 -7.3788E-03  4.2857E-02
  6.8328E+01 -4.1209E-02 -7.1030E-03  5.6424E-02
  6.8526E+01 -3.8266E-02 -6.6484E-03  6.6794E-02
  6.8725E+01 -3.5237E-02 -6.1898E-03  7.4664E-02
  6.8924E+01 -3.3026E-02 -5.8737E-03  8.1398E-02
  6.9123E+01 -3.2061E-02 -5.7505E-03  8.4192E-02
  6.9321E+01 -3.2450E-02 -5.8305E-03  7.8558E-02
  6.9520E+01 -3.3275E-02 -5.9826E-03  6.7393E-02
  6.9719E+01 -3.4237E-02 -6.1479E-03  5.7175E-02
  6.9918E+01 -3.5510E-02 -6.3433E-03  5.1050E-02
  7.0117E+01 -3.7207E-02 -6.6032E-03  4.9797E-02
  7.0315E+01 -3.9019E-02 -6.8889E-03  5.0882E-02
  7.0514E+01 -4.0518E-02 -7.1298E-03  5.3174E-02
  7.0713E+01 -4.1849E-02 -7.3412E-03  5.2737E-02
  7.0912E+01 -4.2658E-02 -7.4740E-03  4.3145E-02
  7.1110E+01 -4.2448E-02 -7.4633E-03  2.8830E-02
  7.1309E+01 -4.1075E-02 -7.2780E-03  1.8655E-02
  7.1508E+01 -4.0035E-02 -7.1234E-03  1.1524E-02
  7.1707E+01 -3.9829E-02 -7.0938E-03  6.0443E-03
  7.1905E+01 -4.0000E-02 -7.1247E-03  2.1249E-03
  7.2104E+01 -4.1208E-02 -7.3145E-03 -6.6842E-04
  7.2303E+01 -4.2445E-02 -7.5158E-03 -5.5896E-04
  7.2502E+01 -4.3176E-02 -7.6257E-03  3.6177E-03
  7.2700E+01 -4.3649E-02 -7.6851E-03  5.5556E-03
  7.2899E+01 -4.3549E-02 -7.6439E-03  3.1382E-03
  7.3098E+01 -4.2980E-02 -7.5341E-03 -1.6023E-03
  7.3297E+01 -4.2461E-02 -7.4533E-03 -4.5205E-03
  7.3496E+01 -4.2423E-02 -7.4611E-03 -6.0953E-03
  7.3694E+01 -4.3260E-02 -7.6096E-03 -5.1447E-03
  7.3893E+01 -4.4223E-02 -7.7823E-03  2.4447E-03
  7.4092E+01 -4.3954E-02 -7.7729E-03  1.5721E-02
  7.4291E+01 -4.3790E-02 -7.7551E-03  2.8147E-02
  7.4489E+01 -4.4514E-02 -7.8442E-03  3.4079E-02
  7.4688E+01 -4.5479E-02 -7.9608E-03  3.5176E-02
  7.4887E+01 -4.6159E-02 -8.0381E-03  3.4825E-02
  7.5086E+01 -4.6804E-02 -8.1211E-03  3.2445E-02
  7.5284E+01 -4.7293E-02 -8.2023E-03  2.9731E-02
  7.5478E+01 -4.7594E-02 -8.2742E-03  2.8322E-02
  7.5666E+01 -4.7916E-02 -8.3365E-03  3.1036E-02
  7.5855E+01 -4.8107E-02 -8.3413E-03  3.8119E-02
  7.6043E+01 -4.8678E-02 -8.3830E-03  4.3283E-02
  7.6232E+01 -5.0118E-02 -8.5674E-03  4.4313E-02
  7.6420E+01 -5.1562E-02 -8.7871E-03  4.3975E-02
  7.6608E+01 -5.3055E-02 -9.0206E-03  4.1893E-02
  7.6797E+01 -5.5090E-02 -9.3347E-03  3.8212E-02
  7.6985E+01 -5.7263E-02 -9.6824E-03  3.3733E-02
  7.7173E+01 -5.9330E-02 -1.0014E-02  2.9152E-02
  7.7362E+01 -6.1032E-02 -1.0314E-02  2.3965E-02
  7.7550E+01 -6.1375E-02 -1.0432E-02  1.7715E-02
  7.7739E+01 -6.0453E-02 -1.0345E-02  1.3976E-02
  7.7927E+01 -5.8614E-02 -1.0092E-02  1.7173E-02
  7.8115E+01 -5.6400E-02 -9.7752E-03  2.1954E-02
  7.8304E+01 -5.4958E-02 -9.5711E-03  2.3880E-02
  7.8492E+01 -5.5040E-02 -9.5911E-03  2.6410E-02
  7.8680E+01 -5.5578E-02 -9.6839E-03  2.9386E-02
  7.8869E+01 -5.5595E-02 -9.6967E-03  3.2349E-02
  7.9057E+01 -5.5497E-02 -9.6819E-03  3.3695E-02
  7.9246E+01 -5.5599E-02 -9.6689E-03  3.5557E-02
  7.9434E+01 -5.6127E-02 -9.6858E-03  4.1535E-02
  7.9622E+01 -5.6608E-02 -9.7056E-03  4.8052E-02
  7.9811E+01 -5.6867E-02 -9.7308E-03  4.7718E-02
  7.9999E+01 -5.7429E-02 -9.8345E-03  4.0844E-02
  8.0187E+01 -5.8045E-02 -9.9465E-03  3.3065E-02
  8.0376E+01 -5.8452E-02 -9.9892E-03  2.5583E-02
  8.0564E+01 -5.8397E-02 -9.9463E-03  1.5085E-02
  8.0753E+01 -5.8718E-02 -9.9699E-03  4.1971E-04
  8.0941E+01 -5.9409E-02 -1.0073E-02 -1.4983E-02
  8.1129E+01 -5.9301E-02 -1.0069E-02 -2.9381E-02
  8.1318E+01 -5.8119E-02 -9.9067E-03 -4.1782E-02
  8.1506E+01 -5.6177E-02 -9.6130E-03 -5.3268E-02
  8.1694E+01 -5.3997E-02 -9.2460E-03 -6.0923E-02
  8.1883E+01 -5.2584E-02 -8.9660E-03 -6.3597E-02
  8.2071E+01 -5.2276E-02 -8.8574E-03 -6.2615E-02
  8.2260E+01 -5.2222E-02 -8.8320E-03 -5.9145E-02
  8.2448E+01 -5.2019E-02 -8.8351E-03 -5.5581E-02
  8.2636E+01 -5.1740E-02 -8.8353E-03 -5.5066E-02
  8.2825E+01 -5.1780E-02 -8.8650E-03 -5.6146E-02
  8.3013E+01 -5.2206E-02 -8.9424E-03 -5.8850E-02
  8.3201E+01 -5.3030E-02 -9.0683E-03 -6.1469E-02
  8.3390E+01 -5.4168E-02 -9.2352E-03 -6.5956E-02
  8.3578E+01 -5.4989E-02 -9.3645E-03 -7.6844E-02
  8.3767E+01 -5.5217E-02 -9.4042E-03 -9.3187E-02
  8.3955E+01 -5.4683E-02 -9.3202E-03 -1.0492E-01
  8.4143E+01 -5.3757E-02 -9.1671E-03 -1.0770E-01
  8.4332E+01 -5.3142E-02 -9.0606E-03 -1.0613E-01
  8.4520E+01 -5.2697E-02 -8.9952E-03 -1.0255E-01
  8.4708E+01 -5.1680E-02 -8.8629E-03 -9.6300E-02
  8.4897E+01 -5.1263E-02 -8.8285E-03 -9.3981E-02
  8.5085E+01 -5.2181E-02 -8.9895E-03 -9.4929E-02
  8.5274E+01 -5.3078E-02 -9.1215E-03 -9.1031E-02
  8.5462E+01 -5.3187E-02 -9.1135E-03 -8.4787E-02
  8.5650E+01 -5.3321E-02 -9.0994E-03 -7.9874E-02
  8.5839E+01 -5.4429E-02 -9.1915E-03 -7.5411E-02
  8.6027E+01 -5.6693E-02 -9.4200E-03 -7.2523E-02
  8.6215E+01 -5.9784E-02 -9.7649E-03 -6.9444E-02
  8.6404E+01 -6.2075E-02 -1.0029E-02 -6.5814E-02
  8.6592E+01 -6.3062E-02 -1.0142E-02 -6.5874E-02
  8.6781E+01 -6.3427E-02 -1.0171E-02 -6.5079E-02
  8.6969E+01 -6.3171E-02 -1.0116E-02 -5.7015E-02
  8.7157E+01 -6.2848E-02 -1.0088E-02 -4.4258E-02
  8.7346E+01 -6.2024E-02 -1.0007E-02 -3.5647E-02
  8.7534E+01 -5.9814E-02 -9.7153E-03 -3.2823E-02
  8.7722E+01 -5.6939E-02 -9.3123E-03 -3.3177E-02
  8.7911E+01 -5.4933E-02 -9.0251E-03 -3.5286E-02
  8.8099E+01 -5.3899E-02 -8.8711E-03 -3.6000E-02
  8.8288E+01 -5.3048E-02 -8.7320E-03 -3.4046E-02
  8.8476E+01 -5.1339E-02 -8.4513E-03 -3.2371E-02
  8.8664E+01 -4.9266E-02 -8.1253E-03 -3.0009E-02
  8.8853E+01 -4.7997E-02 -7.9457E-03 -2.6861E-02
  8.9041E+01 -4.7625E-02 -7.9253E-03 -2.5478E-02
  8.9229E+01 -4.7733E-02 -7.9781E-03 -2.7590E-02
  8.9418E+01 -4.7808E-02 -8.0001E-03 -3.3801E-02
  8.9606E+01 -4.7968E-02 -7.9910E-03 -4.5442E-02
  8.9795E+01 -4.8157E-02 -7.9743E-03 -5.7217E-02
  8.9983E+01 -4.7655E-02 -7.8758E-03 -6.0324E-02
  9.0171E+01 -4.5890E-02 -7.6113E-03 -5.5117E-02
  9.0360E+01 -4.3210E-02 -7.1996E-03 -4.8077E-02
  9.0548E+01 -4.0804E-02 -6.8144E-03 -4.0596E-02
  9.0736E+01 -3.8876E-02 -6.4880E-03 -3.0933E-02
  9.0925E+01 -3.7996E-02 -6.2983E-03 -2.4080E-02
  9.1113E+01 -3.8559E-02 -6.3094E-03 -2.1296E-02
  9.1302E+01 -4.0005E-02 -6.4748E-03 -1.9180E-02
  9.1490E+01 -4.1693E-02 -6.7267E-03 -1.6058E-02
  9.1678E+01 -4.3607E-02 -7.0476E-03 -1.4211E-02
  9.1867E+01 -4.5647E-02 -7.3949E-03 -1.3843E-02
  9.2055E+01 -4.8080E-02 -7.7864E-03 -1.2678E-02
  9.2243E+01 -5.1526E-02 -8.3021E-03 -1.0609E-02
  9.2432E+01 -5.5454E-02 -8.8814E-03 -6.7783E-03
  9.2620E+01 -5.8090E-02 -9.2850E-03  2.5735E-04
  9.2815E+01 -5.9762E-02 -9.5477E-03  8.9689E-03
  9.3013E+01 -6.1674E-02 -9.8422E-03  1.3250E-02
  9.3211E+01 -6.3566E-02 -1.0130E-02  1.3513E-02
  9.3409E+01 -6.4961E-02 -1.0337E-02  1.3355E-02
  9.3606E+01 -6.5542E-02 -1.0430E-02  1.3577E-02
  9.3804E+01 -6.5410E-02 -1.0436E-02  1.4515E-02
  9.4002E+01 -6.4809E-02 -1.0381E-02  1.5745E-02
  9.4200E+01 -6.3236E-02 -1.0181E-02  1.3944E-02
  9.4398E+01 -6.1619E-02 -9.9615E-03  1.0968E-02
  9.4595E+01 -6.0622E-02 -9.8329E-03  7.6240E-03
  9.4793E+01 -5.9975E-02 -9.7454E-03  8.7220E-03
  9.4991E+01 -6.0221E-02 -9.7769E-03  1.4866E-02
  9.5189E+01 -6.0575E-02 -9.8237E-03  2.3278E-02
  9.5386E+01 -6.1069E-02 -9.8809E-03  2.9283E-02
  9.5584E+01 -6.2042E-02 -1.0016E-02  3.1900E-02
  9.5782E+01 -6.3669E-02 -1.0254E-02  3.0151E-02
  9.5980E+01 -6.5337E-02 -1.0491E-02  2.2749E-02
  9.6178E+01 -6.6241E-02 -1.0604E-02  1.7343E-02
  9.6375E+01 -6.6032E-02 -1.0540E-02  1.7579E-02
  9.6573E+01 -6.5377E-02 -1.0405E-02  2.0275E-02
  9.6771E+01 -6.5818E-02 -1.0438E-02  2.1287E-02
  9.6969E+01 -6.6026E-02 -1.0460E-02  2.0806E-02
  9.7167E+01 -6.5158E-02 -1.0348E-02  1.9265E-02
  9.7364E+01 -6.4548E-02 -1.0285E-02  1.7900E-02
  9.7562E+01 -6.5226E-02 -1.0421E-02  1.5936E-02
  9.7760E+01 -6.6682E-02 -1.0669E-02  1.4275E-02
  9.7958E+01 -6.7961E-02 -1.0884E-02  7.0113E-03
  9.8156E+01 -6.9111E-02 -1.1089E-02 -8.0209E-03
  9.8353E+01 -7.1075E-02 -1.1409E-02 -2.6233E-02
  9.8551E+01 -7.2420E-02 -1.1617E-02 -4.1453E-02
  9.8749E+01 -7.1567E-02 -1.1479E-02 -5.0676E-02
  9.8947E+01 -6.9730E-02 -1.1195E-02 -5.6607E-02
  9.9145E+01 -6.8576E-02 -1.1028E-02 -6.0470E-02
  9.9342E+01 -6.7420E-02 -1.0879E-02 -6.1545E-02
  9.9540E+01 -6.5811E-02 -1.0653E-02 -6.3839E-02
  9.9738E+01 -6.3970E-02 -1.0406E-02 -6.8991E-02
  9.9936E+01 -6.2228E-02 -1.0190E-02 -7.7290E-02
  1.0013E+02 -6.1277E-02 -1.0079E-02 -8.4746E-02
  1.0033E+02 -6.2401E-02 -1.0232E-02 -8.7005E-02
  1.0052E+02 -6.3859E-02 -1.0415E-02 -8.4485E-02
  1.0071E+02 -6.4323E-02 -1.0460E-02 -7.6971E-02
  1.0090E+02 -6.3630E-02 -1.0349E-02 -7.1958E-02
  1.0109E+02 -6.2467E-02 -1.0159E-02 -7.3551E-02
  1.0127E+02 -6.0910E-02 -9.9195E-03 -7.1221E-02
  1.0146E+02 -5.8549E-02 -9.5836E-03 -6.1098E-02
  1.0165E+02 -5.6624E-02 -9.3196E-03 -5.0415E-02
  1.0184E+02 -5.4611E-02 -9.0395E-03 -4.4242E-02
  1.0202E+02 -5.2054E-02 -8.6837E-03 -4.1603E-02
  1.0221E+02 -5.0743E-02 -8.5209E-03 -3.7904E-02
  1.0240E+02 -5.1292E-02 -8.6319E-03 -3.2541E-02
  1.0259E+02 -5.3147E-02 -8.9349E-03 -2.4967E-02
  1.0277E+02 -5.4835E-02 -9.2169E-03 -1.5958E-02
  1.0296E+02 -5.5498E-02 -9.3362E-03 -5.9263E-03
  1.0315E+02 -5.6157E-02 -9.4203E-03  4.4337E-03
  1.0334E+02 -5.7970E-02 -9.6385E-03  1.2926E-02
  1.0352E+02 -6.0034E-02 -9.9062E-03  1.8851E-02
  1.0371E+02 -6.1293E-02 -1.0088E-02  2.1122E-02
  1.0390E+02 -6.2097E-02 -1.0213E-02  1.8498E-02
  1.0409E+02 -6.2906E-02 -1.0342E-02  1.3939E-02
  1.0428E+02 -6.2916E-02 -1.0376E-02  1.4891E-02
  1.0446E+02 -6.1755E-02 -1.0241E-02  1.9801E-02
  1.0465E+02 -6.0633E-02 -1.0097E-02  2.4633E-02
  1.0484E+02 -6.0233E-02 -1.0054E-02  3.1169E-02
  1.0503E+02 -6.1165E-02 -1.0192E-02  3.9261E-02
  1.0521E+02 -6.2298E-02 -1.0353E-02  3.9751E-02
  1.0540E+02 -6.2006E-02 -1.0322E-02  3.1287E-02
  1.0560E+02 -6.0520E-02 -1.0123E-02  2.8286E-02
  1.0579E+02 -5.8898E-02 -9.8708E-03  2.9765E-02
  1.0599E+02 -5.8282E-02 -9.7438E-03  2.8439E-02
  1.0619E+02 -5.7969E-02 -9.6741E-03  2.1525E-02
  1.0638E+02 -5.6972E-02 -9.5180E-03  1.1338E-02
  1.0658E+02 -5.5214E-02 -9.2484E-03  2.8991E-03
  1.0678E+02 -5.2993E-02 -8.9162E-03 -1.4610E-03
  1.0698E+02 -5.1488E-02 -8.7105E-03 -2.7079E-03
  1.0717E+02 -5.0487E-02 -8.5748E-03 -6.4589E-03
  1.0737E+02 -4.8613E-02 -8.2925E-03 -1.0890E-02
  1.0757E+02 -4.6070E-02 -7.9161E-03 -1.3242E-02
  1.0776E+02 -4.4335E-02 -7.6379E-03 -1.6058E-02
  1.0796E+02 -4.3514E-02 -7.4619E-03 -1.9206E-02
  1.0816E+02 -4.3341E-02 -7.3923E-03 -2.5706E-02
  1.0836E+02 -4.3755E-02 -7.4286E-03 -2.5453E-02
  1.0855E+02 -4.4473E-02 -7.5199E-03 -1.7310E-02
  1.0875E+02 -4.5993E-02 -7.7297E-03 -8.4058E-03
  1.0895E+02 -4.7690E-02 -7.9609E-03  2.7357E-03
  1.0914E+02 -4.8104E-02 -8.0034E-03  1.3134E-02
  1.0934E+02 -4.7662E-02 -7.9319E-03  2.0782E-02
  1.0954E+02 -4.7267E-02 -7.8704E-03  2.3411E-02
  1.0973E+02 -4.6517E-02 -7.7730E-03  2.0743E-02
  1.0993E+02 -4.5271E-02 -7.6294E-03  2.0666E-02
  1.1013E+02 -4.4826E-02 -7.5979E-03  2.7077E-02
  1.1033E+02 -4.4883E-02 -7.6122E-03  3.3176E-02
  1.1052E+02 -4.4580E-02 -7.5662E-03  3.3029E-02
  1.1070E+02 -4.3332E-02 -7.3827E-03  2.8475E-02
  1.1089E+02 -4.2052E-02 -7.1674E-03  2.0373E-02
  1.1108E+02 -4.2234E-02 -7.1503E-03  9.0383E-03
  1.1126E+02 -4.3658E-02 -7.3294E-03 -2.9222E-03
  1.1145E+02 -4.4885E-02 -7.5020E-03 -1.3332E-02
  1.1164E+02 -4.6086E-02 -7.6808E-03 -2.1140E-02
  1.1183E+02 -4.7906E-02 -7.9633E-03 -2.8668E-02
  1.1201E+02 -4.9562E-02 -8.2152E-03 -3.7753E-02
  1.1220E+02 -5.1398E-02 -8.4670E-03 -4.8789E-02
  1.1239E+02 -5.3524E-02 -8.7658E-03 -5.8474E-02
  1.1257E+02 -5.5244E-02 -9.0221E-03 -6.6056E-02
  1.1276E+02 -5.6264E-02 -9.1915E-03 -7.2743E-02
  1.1295E+02 -5.6690E-02 -9.2748E-03 -7.9329E-02
  1.1314E+02 -5.6272E-02 -9.2309E-03 -8.6342E-02
  1.1332E+02 -5.5976E-02 -9.1911E-03 -9.2367E-02
  1.1351E+02 -5.6034E-02 -9.1996E-03 -9.3497E-02
  1.1370E+02 -5.5730E-02 -9.1613E-03 -9.2091E-02
  1.1390E+02 -5.5226E-02 -9.0882E-03 -9.0105E-02
  1.1409E+02 -5.4565E-02 -8.9976E-03 -8.7290E-02
  1.1429E+02 -5.4551E-02 -8.9982E-03 -8.4652E-02
  1.1449E+02 -5.4817E-02 -9.0433E-03 -7.6820E-02
  1.1468E+02 -5.4110E-02 -8.9566E-03 -6.5527E-02
  1.1488E+02 -5.2383E-02 -8.7188E-03 -5.6141E-02
  1.1508E+02 -5.0857E-02 -8.5043E-03 -5.0937E-02
  1.1527E+02 -4.9857E-02 -8.3570E-03 -4.6484E-02
  1.1547E+02 -4.9136E-02 -8.2547E-03 -4.1568E-02
  1.1567E+02 -4.8145E-02 -8.1319E-03 -3.9244E-02
  1.1586E+02 -4.6432E-02 -7.9140E-03 -3.7876E-02
  1.1606E+02 -4.5236E-02 -7.7354E-03 -3.6416E-02
  1.1626E+02 -4.5882E-02 -7.7872E-03 -3.0154E-02
  1.1645E+02 -4.8086E-02 -8.0757E-03 -2.0806E-02
  1.1665E+02 -5.1172E-02 -8.5168E-03 -1.4480E-02
  1.1685E+02 -5.4772E-02 -9.0387E-03 -6.5458E-03
  1.1704E+02 -5.7956E-02 -9.5059E-03  2.6085E-03
  1.1724E+02 -5.9208E-02 -9.7164E-03  6.2555E-03
  1.1743E+02 -5.8409E-02 -9.6441E-03  6.9692E-03
  1.1763E+02 -5.6253E-02 -9.3611E-03  8.4758E-03
  1.1783E+02 -5.2896E-02 -8.8888E-03  1.0562E-02
  1.1802E+02 -4.8510E-02 -8.2284E-03  1.2407E-02
  1.1822E+02 -4.3918E-02 -7.4967E-03  1.7139E-02
  1.1842E+02 -4.1031E-02 -6.9991E-03  2.0327E-02
  1.1861E+02 -4.0539E-02 -6.8774E-03  1.7152E-02
  1.1881E+02 -4.1415E-02 -6.9940E-03  1.2981E-02
  1.1901E+02 -4.2185E-02 -7.1136E-03  1.1617E-02
  1.1920E+02 -4.2329E-02 -7.1428E-03  8.5637E-03
  1.1940E+02 -4.3410E-02 -7.3156E-03  3.1862E-03
  1.1960E+02 -4.6651E-02 -7.8110E-03  3.2659E-03
  1.1979E+02 -5.0182E-02 -8.3598E-03  1.0696E-02
  1.1997E+02 -5.2720E-02 -8.7720E-03  1.9355E-02
  1.2016E+02 -5.4524E-02 -9.0815E-03  2.3186E-02
  1.2035E+02 -5.5594E-02 -9.2644E-03  2.4210E-02
  1.2053E+02 -5.6348E-02 -9.3785E-03  2.5201E-02
  1.2072E+02 -5.6595E-02 -9.4068E-03  2.3785E-02
  1.2091E+02 -5.6159E-02 -9.3328E-03  1.8155E-02
  1.2109E+02 -5.5632E-02 -9.2608E-03  1.0696E-02
  1.2128E+02 -5.6185E-02 -9.3566E-03  2.4959E-03
  1.2147E+02 -5.7070E-02 -9.5057E-03 -1.7491E-03
  1.2165E+02 -5.6463E-02 -9.4203E-03 -4.4104E-04
  1.2184E+02 -5.5005E-02 -9.1847E-03  4.9542E-04
  1.2202E+02 -5.4063E-02 -9.0134E-03  3.7311E-03
  1.2221E+02 -5.3753E-02 -8.9330E-03  8.6568E-03
  1.2240E+02 -5.2761E-02 -8.7562E-03  8.6999E-03
  1.2258E+02 -5.1405E-02 -8.5121E-03  6.2772E-03
  1.2277E+02 -5.0622E-02 -8.3311E-03  8.0535E-03
  1.2296E+02 -4.9174E-02 -8.0777E-03  1.0189E-02
  1.2314E+02 -4.6959E-02 -7.7286E-03  1.1239E-02
  1.2333E+02 -4.4512E-02 -7.3396E-03  1.7078E-02
  1.2352E+02 -4.1657E-02 -6.8765E-03  2.4539E-02
  1.2370E+02 -3.9156E-02 -6.4667E-03  2.8232E-02
  1.2389E+02 -3.8196E-02 -6.3153E-03  2.8876E-02
  1.2407E+02 -3.7765E-02 -6.2803E-03  2.6065E-02
  1.2426E+02 -3.6910E-02 -6.1970E-03  1.8451E-02
  1.2445E+02 -3.5592E-02 -6.0523E-03  8.1462E-03
  1.2463E+02 -3.4348E-02 -5.9043E-03 -2.2448E-03
  1.2482E+02 -3.4464E-02 -5.9277E-03 -1.1255E-02
  1.2501E+02 -3.6018E-02 -6.1560E-03 -1.6490E-02
  1.2519E+02 -3.7158E-02 -6.3325E-03 -1.8890E-02
  1.2538E+02 -3.6957E-02 -6.3083E-03 -2.1140E-02
  1.2557E+02 -3.6273E-02 -6.1974E-03 -2.1958E-02
  1.2575E+02 -3.6354E-02 -6.1744E-03 -1.7914E-02
  1.2594E+02 -3.7661E-02 -6.3176E-03 -9.0630E-03
  1.2614E+02 -3.9033E-02 -6.4904E-03 -3.5327E-04
  1.2633E+02 -3.8954E-02 -6.4750E-03  1.8751E-03
  1.2653E+02 -3.7243E-02 -6.2344E-03  2.4216E-03
  1.2672E+02 -3.4349E-02 -5.8214E-03  4.3408E-03
  1.2692E+02 -3.1958E-02 -5.4682E-03  5.2286E-04
  1.2711E+02 -3.1246E-02 -5.3509E-03 -1.2669E-02
  1.2731E+02 -3.1753E-02 -5.4182E-03 -2.7215E-02
  1.2751E+02 -3.2712E-02 -5.5631E-03 -3.7052E-02
  1.2770E+02 -3.4168E-02 -5.7809E-03 -4.0936E-02
  1.2790E+02 -3.5666E-02 -6.0027E-03 -4.3617E-02
  1.2809E+02 -3.6002E-02 -6.0696E-03 -5.0284E-02
  1.2829E+02 -3.5694E-02 -6.0512E-03 -5.7011E-02
  1.2848E+02 -3.5091E-02 -5.9916E-03 -6.0655E-02
  1.2868E+02 -3.4974E-02 -5.9865E-03 -6.0365E-02
  1.2888E+02 -3.4693E-02 -5.9473E-03 -5.4214E-02
  1.2907E+02 -3.3034E-02 -5.7005E-03 -4.6078E-02
  1.2927E+02 -3.0616E-02 -5.3245E-03 -3.7448E-02
  1.2946E+02 -2.9217E-02 -5.0895E-03 -2.9088E-02
  1.2966E+02 -2.9578E-02 -5.1321E-03 -2.1094E-02
  1.2985E+02 -3.0707E-02 -5.2984E-03 -1.4273E-02
  1.3005E+02 -3.1537E-02 -5.4296E-03 -9.2656E-03
  1.3025E+02 -3.2263E-02 -5.5360E-03 -5.2782E-03
  1.3044E+02 -3.3198E-02 -5.6695E-03 -1.9843E-03
  1.3064E+02 -3.4615E-02 -5.8786E-03  1.7954E-04
  1.3083E+02 -3.6370E-02 -6.1453E-03  4.8546E-03
  1.3103E+02 -3.8093E-02 -6.4149E-03  1.1569E-02
  1.3122E+02 -4.0069E-02 -6.7208E-03  1.6125E-02
  1.3142E+02 -4.1926E-02 -7.0133E-03  1.6114E-02
  1.3162E+02 -4.3183E-02 -7.2218E-03  1.3071E-02
  1.3181E+02 -4.4577E-02 -7.4410E-03  1.0842E-02
  1.3201E+02 -4.6095E-02 -7.6790E-03  1.1064E-02
  1.3221E+02 -4.7486E-02 -7.9155E-03  1.3786E-02
  1.3242E+02 -4.8649E-02 -8.1221E-03  1.6716E-02
  1.3263E+02 -4.9416E-02 -8.2659E-03  1.8532E-02
  1.3283E+02 -5.0301E-02 -8.4235E-03  1.9889E-02
  1.3304E+02 -5.1855E-02 -8.6698E-03  2.3546E-02
  1.3324E+02 -5.4036E-02 -8.9958E-03  2.9044E-02
  1.3345E+02 -5.5901E-02 -9.2711E-03  3.2408E-02
  1.3365E+02 -5.6676E-02 -9.3852E-03  3.4654E-02
  1.3386E+02 -5.6594E-02 -9.3666E-03  3.9404E-02
  1.3406E+02 -5.5019E-02 -9.1513E-03  4.3203E-02
  1.3427E+02 -5.1645E-02 -8.6823E-03  4.6107E-02
  1.3448E+02 -4.8000E-02 -8.1603E-03  4.7013E-02
  1.3468E+02 -4.5869E-02 -7.8450E-03  4.6710E-02
  1.3489E+02 -4.4808E-02 -7.6992E-03  4.7465E-02
  1.3509E+02 -4.4018E-02 -7.6020E-03  4.9960E-02
  1.3530E+02 -4.3323E-02 -7.5151E-03  5.4472E-02
  1.3550E+02 -4.2711E-02 -7.4465E-03  6.0875E-02
  1.3571E+02 -4.2838E-02 -7.5017E-03  6.2796E-02
  1.3591E+02 -4.4699E-02 -7.7985E-03  5.6558E-02
  1.3612E+02 -4.7747E-02 -8.2478E-03  4.6674E-02
  1.3632E+02 -5.0581E-02 -8.6540E-03  3.7467E-02
  1.3653E+02 -5.2195E-02 -8.8838E-03  3.0544E-02
  1.3674E+02 -5.1526E-02 -8.7892E-03  2.4578E-02
  1.3694E+02 -4.9633E-02 -8.5095E-03  1.6535E-02
  1.3714E+02 -4.8115E-02 -8.2675E-03  8.7313E-03
  1.3734E+02 -4.6875E-02 -8.0583E-03  1.6501E-03
  1.3753E+02 -4.5847E-02 -7.8966E-03 -4.9611E-03
  1.3773E+02 -4.6041E-02 -7.9350E-03 -1.0506E-02
  1.3792E+02 -4.6787E-02 -8.0675E-03 -1.3867E-02
  1.3812E+02 -4.6984E-02 -8.1111E-03 -1.3965E-02
  1.3831E+02 -4.6863E-02 -8.0825E-03 -1.2735E-02
  1.3851E+02 -4.6624E-02 -8.0140E-03 -1.0892E-02
  1.3870E+02 -4.5721E-02 -7.8402E-03 -1.1714E-02
  1.3890E+02 -4.3893E-02 -7.5388E-03 -1.7739E-02
  1.3909E+02 -4.1809E-02 -7.2148E-03 -2.6467E-02
  1.3929E+02 -4.0355E-02 -6.9819E-03 -3.3798E-02
  1.3948E+02 -3.9569E-02 -6.8423E-03 -3.4427E-02
  1.3968E+02 -3.8596E-02 -6.6792E-03 -3.0000E-02
  1.3987E+02 -3.7361E-02 -6.4906E-03 -2.5049E-02
  1.4007E+02 -3.6778E-02 -6.4027E-03 -2.1313E-02
  1.4027E+02 -3.6873E-02 -6.4237E-03 -2.0076E-02
  1.4046E+02 -3.7415E-02 -6.5208E-03 -1.9783E-02
  1.4066E+02 -3.9240E-02 -6.8079E-03 -1.7000E-02
  1.4085E+02 -4.2043E-02 -7.2491E-03 -1.0887E-02
  1.4105E+02 -4.4541E-02 -7.6530E-03 -7.4300E-03
  1.4124E+02 -4.6608E-02 -7.9908E-03 -8.9735E-03
  1.4144E+02 -4.8200E-02 -8.2654E-03 -1.3379E-02
  1.4163E+02 -4.9777E-02 -8.5548E-03 -1.4779E-02
  1.4183E+02 -5.1965E-02 -8.9417E-03 -1.3797E-02
  1.4202E+02 -5.4503E-02 -9.3795E-03 -1.4915E-02
  1.4222E+02 -5.6643E-02 -9.7313E-03 -1.8142E-02
  1.4241E+02 -5.8471E-02 -9.9967E-03 -2.0603E-02
  1.4261E+02 -6.0146E-02 -1.0237E-02 -1.6918E-02
  1.4280E+02 -6.1815E-02 -1.0475E-02 -1.2159E-02
  1.4300E+02 -6.3386E-02 -1.0674E-02 -1.3565E-02
  1.4319E+02 -6.4556E-02 -1.0826E-02 -1.9023E-02
  1.4339E+02 -6.5271E-02 -1.0955E-02 -2.7088E-02
  1.4358E+02 -6.5707E-02 -1.1038E-02 -3.2140E-02
  1.4378E+02 -6.5937E-02 -1.1068E-02 -2.9543E-02
  1.4397E+02 -6.5145E-02 -1.0949E-02 -2.3510E-02
  1.4417E+02 -6.2457E-02 -1.0569E-02 -1.9195E-02
  1.4436E+02 -5.9602E-02 -1.0160E-02 -2.0532E-02
  1.4456E+02 -5.7770E-02 -9.8859E-03 -2.9516E-02
  1.4475E+02 -5.6796E-02 -9.7196E-03 -4.3662E-02
  1.4495E+02 -5.6216E-02 -9.6127E-03 -5.5806E-02
  1.4514E+02 -5.6454E-02 -9.6436E-03 -6.6001E-02
  1.4534E+02 -5.7566E-02 -9.8151E-03 -7.4011E-02
  1.4553E+02 -6.0024E-02 -1.0179E-02 -7.9207E-02
  1.4573E+02 -6.2618E-02 -1.0550E-02 -8.3225E-02
  1.4592E+02 -6.4714E-02 -1.0830E-02 -8.4157E-02
  1.4612E+02 -6.5504E-02 -1.0933E-02 -8.3595E-02
  1.4631E+02 -6.4469E-02 -1.0757E-02 -8.2161E-02
  1.4651E+02 -6.2749E-02 -1.0464E-02 -8.6132E-02
  1.4670E+02 -6.0906E-02 -1.0156E-02 -9.6446E-02
  1.4690E+02 -5.9431E-02 -9.8968E-03 -1.0527E-01
  1.4709E+02 -5.8659E-02 -9.7345E-03 -1.1277E-01
  1.4729E+02 -5.8474E-02 -9.6704E-03 -1.1718E-01
  1.4748E+02 -5.8075E-02 -9.6008E-03 -1.1739E-01
  1.4768E+02 -5.7153E-02 -9.4771E-03 -1.1575E-01
  1.4787E+02 -5.5862E-02 -9.3143E-03 -1.1483E-01
  1.4807E+02 -5.4082E-02 -9.0573E-03 -1.1690E-01
  1.4826E+02 -5.1705E-02 -8.6866E-03 -1.2040E-01
  1.4846E+02 -4.9597E-02 -8.3474E-03 -1.1686E-01
  1.4865E+02 -4.8253E-02 -8.1282E-03 -1.0450E-01
  1.4885E+02 -4.7157E-02 -7.9443E-03 -8.8630E-02
  1.4904E+02 -4.5974E-02 -7.7389E-03 -7.3549E-02
  1.4922E+02 -4.4512E-02 -7.4984E-03 -6.6500E-02
  1.4941E+02 -4.2759E-02 -7.2157E-03 -6.5708E-02
  1.4960E+02 -4.1563E-02 -7.0036E-03 -6.5757E-02
  1.4978E+02 -4.0831E-02 -6.8632E-03 -6.5173E-02
  1.4997E+02 -4.0123E-02 -6.7333E-03 -6.4243E-02
  1.5015E+02 -3.9325E-02 -6.5942E-03 -6.1889E-02
  1.5034E+02 -3.8478E-02 -6.4590E-03 -5.8518E-02
  1.5052E+02 -3.7225E-02 -6.2957E-03 -5.3413E-02
  1.5071E+02 -3.5078E-02 -6.0191E-03 -4.3334E-02
  1.5089E+02 -3.2609E-02 -5.6853E-03 -3.1722E-02
  1.5108E+02 -3.1276E-02 -5.4870E-03 -2.5473E-02
  1.5126E+02 -3.1833E-02 -5.5457E-03 -2.4719E-02
  1.5145E+02 -3.4273E-02 -5.8824E-03 -2.4341E-02
  1.5165E+02 -3.7241E-02 -6.3124E-03 -2.0222E-02
  1.5184E+02 -3.9033E-02 -6.5989E-03 -1.3917E-02
  1.5203E+02 -3.9756E-02 -6.7402E-03 -9.6191E-03
  1.5223E+02 -4.0550E-02 -6.8750E-03 -1.1327E-02
  1.5242E+02 -4.2092E-02 -7.1032E-03 -1.7364E-02
  1.5262E+02 -4.3531E-02 -7.3254E-03 -2.3441E-02
  1.5281E+02 -4.5014E-02 -7.5574E-03 -2.9107E-02
  1.5301E+02 -4.6559E-02 -7.7905E-03 -3.4217E-02
  1.5320E+02 -4.7766E-02 -7.9828E-03 -3.4801E-02
  1.5340E+02 -4.8800E-02 -8.1649E-03 -2.8343E-02
  1.5359E+02 -5.0022E-02 -8.3775E-03 -1.8641E-02
  1.5379E+02 -5.1442E-02 -8.6132E-03 -1.0504E-02
  1.5398E+02 -5.2554E-02 -8.7754E-03 -5.2959E-03
  1.5417E+02 -5.2473E-02 -8.7494E-03 -1.3718E-03
  1.5437E+02 -5.1986E-02 -8.6592E-03  7.4104E-05
  1.5456E+02 -5.2324E-02 -8.6727E-03  1.0728E-04
  1.5476E+02 -5.2145E-02 -8.6160E-03 -1.8177E-03
  1.5495E+02 -5.0849E-02 -8.4014E-03 -6.9024E-03
  1.5515E+02 -4.9415E-02 -8.1890E-03 -9.4911E-03
  1.5534E+02 -4.7926E-02 -7.9804E-03 -1.3940E-03
  1.5554E+02 -4.6184E-02 -7.7329E-03  1.2372E-02
  1.5573E+02 -4.4119E-02 -7.4395E-03  2.1683E-02
  1.5593E+02 -4.3169E-02 -7.2787E-03  2.9444E-02
  1.5612E+02 -4.4170E-02 -7.3779E-03  3.2738E-02
  1.5631E+02 -4.5418E-02 -7.5154E-03  3.0130E-02
  1.5651E+02 -4.6665E-02 -7.6755E-03  2.6255E-02
  1.5670E+02 -4.8105E-02 -7.8761E-03  2.4286E-02
  1.5690E+02 -4.9248E-02 -8.0228E-03  2.7392E-02
  1.5709E+02 -5.0355E-02 -8.1783E-03  3.2345E-02
  1.5729E+02 -5.1661E-02 -8.3855E-03  3.2812E-02
  1.5748E+02 -5.3274E-02 -8.6441E-03  2.9174E-02
  1.5768E+02 -5.4647E-02 -8.8571E-03  2.1910E-02
  1.5787E+02 -5.5663E-02 -9.0202E-03  1.1800E-02
  1.5807E+02 -5.6419E-02 -9.1549E-03 -9.1124E-05
  1.5826E+02 -5.5675E-02 -9.0871E-03 -1.0458E-02
  1.5846E+02 -5.3490E-02 -8.8251E-03 -2.1219E-02
  1.5865E+02 -5.1302E-02 -8.5605E-03 -3.8852E-02
  1.5884E+02 -4.9475E-02 -8.3307E-03 -5.5776E-02
  1.5904E+02 -4.8469E-02 -8.2133E-03 -6.7079E-02
  1.5923E+02 -4.8501E-02 -8.2543E-03 -7.4314E-02
  1.5943E+02 -4.8964E-02 -8.3637E-03 -7.7305E-02
  1.5962E+02 -4.9147E-02 -8.4400E-03 -7.9545E-02
  1.5982E+02 -4.8665E-02 -8.4235E-03 -7.7012E-02
  1.6001E+02 -4.7587E-02 -8.3039E-03 -6.7330E-02
