# CREATED BY GENE DIAGNOSTICS TOOL on Tue Sep 29 20:50:30 2020
# diag: nrgsummary, run(s): 0016, time window: 0-349.03173(1 steps), species: ions
# original data path: /home/stirkas/Workspace/GENE/genecode/Archives/ImpurityRuns/
# normalization: L_ref=1.65m
#
#  t          G_tot       Q_tot       P_tot     
  0.0000E+00  0.0000E+00  0.0000E+00  0.0000E+00
  2.4609E-01 -8.1037E-06  1.0630E-01 -3.3257E-03
  4.9218E-01 -1.3163E-06  1.9026E-01 -1.9218E-02
  7.3826E-01  1.8323E-05  2.5801E-01 -3.6309E-02
  9.8435E-01  3.6821E-05  3.1864E-01 -4.3186E-02
  1.2304E+00  4.7388E-05  3.7375E-01 -3.6930E-02
  1.4765E+00  5.2906E-05  4.2221E-01 -2.0365E-02
  1.7226E+00  5.4897E-05  4.6437E-01 -6.6892E-04
  1.9687E+00  5.4046E-05  5.0133E-01  1.5427E-02
  2.2148E+00  5.2692E-05  5.3250E-01  2.4742E-02
  2.4609E+00  5.4051E-05  5.5702E-01  2.7614E-02
  2.7070E+00  5.9841E-05  5.7731E-01  2.7058E-02
  2.9530E+00  7.0153E-05  5.9858E-01  2.6848E-02
  3.1991E+00  8.4399E-05  6.2432E-01  2.9572E-02
  3.4452E+00  1.0161E-04  6.5438E-01  3.6121E-02
  3.6913E+00  1.2062E-04  6.8781E-01  4.5884E-02
  3.9374E+00  1.4074E-04  7.2541E-01  5.7060E-02
  4.1835E+00  1.6184E-04  7.6833E-01  6.7343E-02
  4.4296E+00  1.8359E-04  8.1484E-01  7.4398E-02
  4.6757E+00  2.0517E-04  8.6092E-01  7.6577E-02
  4.9217E+00  2.2626E-04  9.0516E-01  7.4468E-02
  5.1678E+00  2.4757E-04  9.5097E-01  7.1342E-02
  5.4139E+00  2.6994E-04  1.0028E+00  7.1167E-02
  5.6600E+00  2.9363E-04  1.0625E+00  7.6275E-02
  5.9061E+00  3.1905E-04  1.1300E+00  8.6467E-02
  6.1522E+00  3.4720E-04  1.2064E+00  9.9481E-02
  6.3983E+00  3.7892E-04  1.2933E+00  1.1203E-01
  6.6444E+00  4.1398E-04  1.3896E+00  1.2086E-01
  6.8904E+00  4.5124E-04  1.4918E+00  1.2406E-01
  7.1365E+00  4.9022E-04  1.5978E+00  1.2260E-01
  7.3826E+00  5.3246E-04  1.7118E+00  1.2037E-01
  7.6287E+00  5.8104E-04  1.8408E+00  1.2222E-01
  7.8748E+00  6.3812E-04  1.9898E+00  1.3162E-01
  8.1209E+00  7.0394E-04  2.1601E+00  1.4936E-01
  8.3670E+00  7.7767E-04  2.3525E+00  1.7364E-01
  8.6131E+00  8.5903E-04  2.5682E+00  2.0089E-01
  8.8591E+00  9.4868E-04  2.8066E+00  2.2692E-01
  9.1052E+00  1.0471E-03  3.0626E+00  2.4857E-01
  9.3513E+00  1.1544E-03  3.3321E+00  2.6559E-01
  9.5974E+00  1.2723E-03  3.6194E+00  2.8146E-01
  9.8435E+00  1.4048E-03  3.9366E+00  3.0213E-01
  1.0090E+01  1.5551E-03  4.2960E+00  3.3285E-01
  1.0336E+01  1.7248E-03  4.7040E+00  3.7512E-01
  1.0582E+01  1.9147E-03  5.1637E+00  4.2565E-01
  1.0828E+01  2.1259E-03  5.6767E+00  4.7745E-01
  1.1074E+01  2.3580E-03  6.2414E+00  5.2188E-01
  1.1312E+01  2.5988E-03  6.8304E+00  5.5130E-01
  1.1545E+01  2.8462E-03  7.4428E+00  5.6597E-01
  1.1778E+01  3.1074E-03  8.0983E+00  5.7156E-01
  1.2010E+01  3.3884E-03  8.8143E+00  5.7593E-01
  1.2243E+01  3.6956E-03  9.6100E+00  5.8572E-01
  1.2476E+01  4.0306E-03  1.0498E+01  6.0193E-01
  1.2709E+01  4.3924E-03  1.1484E+01  6.1898E-01
  1.2938E+01  4.7747E-03  1.2553E+01  6.2722E-01
  1.3159E+01  5.1682E-03  1.3674E+01  6.1765E-01
  1.3380E+01  5.5876E-03  1.4879E+01  5.8373E-01
  1.3594E+01  6.0219E-03  1.6117E+01  5.2483E-01
  1.3803E+01  6.4766E-03  1.7391E+01  4.4365E-01
  1.4013E+01  6.9657E-03  1.8726E+01  3.4335E-01
  1.4223E+01  7.4950E-03  2.0133E+01  2.2903E-01
  1.4432E+01  8.0696E-03  2.1622E+01  1.0370E-01
  1.4642E+01  8.6882E-03  2.3198E+01 -3.3672E-02
  1.4844E+01  9.3210E-03  2.4796E+01 -1.8406E-01
  1.5043E+01  9.9726E-03  2.6434E+01 -3.5936E-01
  1.5241E+01  1.0647E-02  2.8121E+01 -5.7020E-01
  1.5440E+01  1.1334E-02  2.9836E+01 -8.2037E-01
  1.5639E+01  1.2017E-02  3.1551E+01 -1.1086E+00
  1.5831E+01  1.2656E-02  3.3174E+01 -1.4163E+00
  1.6020E+01  1.3255E-02  3.4721E+01 -1.7371E+00
  1.6208E+01  1.3825E-02  3.6212E+01 -2.0657E+00
  1.6397E+01  1.4383E-02  3.7656E+01 -2.3968E+00
  1.6585E+01  1.4949E-02  3.9069E+01 -2.7291E+00
  1.6774E+01  1.5513E-02  4.0461E+01 -3.0631E+00
  1.6963E+01  1.6074E-02  4.1837E+01 -3.4016E+00
  1.7151E+01  1.6645E-02  4.3196E+01 -3.7493E+00
  1.7340E+01  1.7207E-02  4.4534E+01 -4.1037E+00
  1.7529E+01  1.7747E-02  4.5843E+01 -4.4594E+00
  1.7717E+01  1.8262E-02  4.7099E+01 -4.8168E+00
  1.7906E+01  1.8725E-02  4.8272E+01 -5.1772E+00
  1.8094E+01  1.9115E-02  4.9334E+01 -5.5386E+00
  1.8283E+01  1.9435E-02  5.0267E+01 -5.8894E+00
  1.8472E+01  1.9707E-02  5.1065E+01 -6.2129E+00
  1.8660E+01  1.9980E-02  5.1736E+01 -6.4972E+00
  1.8849E+01  2.0273E-02  5.2270E+01 -6.7461E+00
  1.9038E+01  2.0535E-02  5.2607E+01 -6.9599E+00
  1.9226E+01  2.0656E-02  5.2672E+01 -7.1189E+00
  1.9410E+01  2.0590E-02  5.2432E+01 -7.1977E+00
  1.9589E+01  2.0377E-02  5.1939E+01 -7.1869E+00
  1.9768E+01  2.0001E-02  5.1274E+01 -7.1030E+00
  1.9947E+01  1.9467E-02  5.0527E+01 -6.9851E+00
  2.0126E+01  1.8807E-02  4.9737E+01 -6.8482E+00
  2.0305E+01  1.8005E-02  4.8894E+01 -6.6668E+00
  2.0484E+01  1.7163E-02  4.7990E+01 -6.4144E+00
  2.0663E+01  1.6443E-02  4.7058E+01 -6.1096E+00
  2.0842E+01  1.5829E-02  4.6181E+01 -5.7772E+00
  2.1021E+01  1.5358E-02  4.5412E+01 -5.4199E+00
  2.1200E+01  1.5134E-02  4.4779E+01 -5.0773E+00
  2.1377E+01  1.5045E-02  4.4314E+01 -4.8184E+00
  2.1547E+01  1.4952E-02  4.4020E+01 -4.6383E+00
  2.1717E+01  1.4832E-02  4.3857E+01 -4.5132E+00
  2.1887E+01  1.4707E-02  4.3800E+01 -4.4252E+00
  2.2057E+01  1.4541E-02  4.3798E+01 -4.3294E+00
  2.2227E+01  1.4255E-02  4.3802E+01 -4.2017E+00
  2.2396E+01  1.3897E-02  4.3811E+01 -4.0391E+00
  2.2566E+01  1.3672E-02  4.3777E+01 -3.8744E+00
  2.2736E+01  1.3549E-02  4.3600E+01 -3.7169E+00
  2.2906E+01  1.3369E-02  4.3231E+01 -3.5413E+00
  2.3076E+01  1.3182E-02  4.2652E+01 -3.3276E+00
  2.3246E+01  1.3071E-02  4.1851E+01 -3.0751E+00
  2.3416E+01  1.3020E-02  4.0852E+01 -2.7851E+00
  2.3586E+01  1.3001E-02  3.9697E+01 -2.4721E+00
  2.3756E+01  1.2907E-02  3.8444E+01 -2.1673E+00
  2.3926E+01  1.2649E-02  3.7160E+01 -1.8802E+00
  2.4096E+01  1.2252E-02  3.5935E+01 -1.6345E+00
  2.4266E+01  1.1776E-02  3.4865E+01 -1.4587E+00
  2.4436E+01  1.1368E-02  3.4010E+01 -1.3377E+00
  2.4606E+01  1.1118E-02  3.3393E+01 -1.2265E+00
  2.4776E+01  1.0986E-02  3.2995E+01 -1.1041E+00
  2.4946E+01  1.0942E-02  3.2761E+01 -9.8420E-01
  2.5116E+01  1.0955E-02  3.2623E+01 -8.8850E-01
  2.5286E+01  1.0989E-02  3.2543E+01 -8.3240E-01
  2.5456E+01  1.1008E-02  3.2511E+01 -8.1935E-01
  2.5626E+01  1.0953E-02  3.2515E+01 -8.4939E-01
  2.5796E+01  1.0805E-02  3.2531E+01 -9.2399E-01
  2.5966E+01  1.0616E-02  3.2540E+01 -1.0325E+00
  2.6136E+01  1.0467E-02  3.2529E+01 -1.1597E+00
  2.6306E+01  1.0370E-02  3.2506E+01 -1.2891E+00
  2.6476E+01  1.0277E-02  3.2499E+01 -1.4006E+00
  2.6646E+01  1.0211E-02  3.2525E+01 -1.4639E+00
  2.6816E+01  1.0191E-02  3.2594E+01 -1.4544E+00
  2.6986E+01  1.0290E-02  3.2717E+01 -1.3791E+00
  2.7156E+01  1.0499E-02  3.2890E+01 -1.2676E+00
  2.7326E+01  1.0742E-02  3.3091E+01 -1.1402E+00
  2.7501E+01  1.1091E-02  3.3309E+01 -9.9804E-01
  2.7680E+01  1.1471E-02  3.3533E+01 -8.4924E-01
  2.7858E+01  1.1693E-02  3.3770E+01 -7.1329E-01
  2.8037E+01  1.1812E-02  3.4036E+01 -5.9263E-01
  2.8215E+01  1.1933E-02  3.4334E+01 -4.9046E-01
  2.8394E+01  1.2126E-02  3.4635E+01 -4.2521E-01
  2.8572E+01  1.2277E-02  3.4919E+01 -4.0603E-01
  2.8751E+01  1.2282E-02  3.5196E+01 -4.1850E-01
  2.8929E+01  1.2274E-02  3.5476E+01 -4.4068E-01
  2.9108E+01  1.2340E-02  3.5772E+01 -4.5151E-01
  2.9292E+01  1.2485E-02  3.6106E+01 -4.2937E-01
  2.9480E+01  1.2770E-02  3.6488E+01 -3.6849E-01
  2.9667E+01  1.3133E-02  3.6939E+01 -2.9172E-01
  2.9855E+01  1.3456E-02  3.7500E+01 -2.2458E-01
  3.0042E+01  1.3674E-02  3.8192E+01 -1.8141E-01
  3.0229E+01  1.3832E-02  3.9019E+01 -1.5525E-01
  3.0417E+01  1.3980E-02  3.9967E+01 -1.5347E-01
  3.0604E+01  1.4230E-02  4.1018E+01 -1.9379E-01
  3.0792E+01  1.4649E-02  4.2138E+01 -2.7426E-01
  3.0979E+01  1.4970E-02  4.3305E+01 -3.7470E-01
  3.1166E+01  1.5082E-02  4.4533E+01 -4.6987E-01
  3.1354E+01  1.5135E-02  4.5832E+01 -5.5648E-01
  3.1541E+01  1.5181E-02  4.7174E+01 -6.4047E-01
  3.1728E+01  1.5412E-02  4.8478E+01 -7.4120E-01
  3.1915E+01  1.5857E-02  4.9626E+01 -8.6429E-01
  3.2089E+01  1.6349E-02  5.0531E+01 -9.8808E-01
  3.2257E+01  1.6766E-02  5.1280E+01 -1.1179E+00
  3.2425E+01  1.7072E-02  5.1936E+01 -1.2447E+00
  3.2592E+01  1.7279E-02  5.2513E+01 -1.3237E+00
  3.2760E+01  1.7421E-02  5.2999E+01 -1.3252E+00
  3.2928E+01  1.7543E-02  5.3369E+01 -1.2489E+00
  3.3096E+01  1.7733E-02  5.3643E+01 -1.0980E+00
  3.3263E+01  1.8004E-02  5.3852E+01 -9.0375E-01
  3.3431E+01  1.8404E-02  5.3980E+01 -7.2164E-01
  3.3599E+01  1.8777E-02  5.3990E+01 -5.6425E-01
  3.3767E+01  1.8963E-02  5.3857E+01 -4.0649E-01
  3.3935E+01  1.9048E-02  5.3562E+01 -2.6312E-01
  3.4102E+01  1.9181E-02  5.3116E+01 -1.4392E-01
  3.4270E+01  1.9306E-02  5.2559E+01 -3.7462E-03
  3.4438E+01  1.9156E-02  5.1927E+01  1.8655E-01
  3.4606E+01  1.8735E-02  5.1288E+01  4.1004E-01
  3.4773E+01  1.8217E-02  5.0690E+01  6.1430E-01
  3.4941E+01  1.7713E-02  5.0140E+01  7.6923E-01
  3.5109E+01  1.7315E-02  4.9659E+01  8.9822E-01
  3.5277E+01  1.7206E-02  4.9284E+01  1.0119E+00
  3.5444E+01  1.7328E-02  4.9038E+01  1.1031E+00
  3.5612E+01  1.7456E-02  4.8926E+01  1.1520E+00
  3.5780E+01  1.7462E-02  4.8939E+01  1.1445E+00
  3.5949E+01  1.7410E-02  4.9031E+01  1.0994E+00
  3.6125E+01  1.7394E-02  4.9101E+01  1.0301E+00
  3.6301E+01  1.7451E-02  4.8995E+01  9.2490E-01
  3.6477E+01  1.7521E-02  4.8638E+01  7.9698E-01
  3.6653E+01  1.7518E-02  4.8046E+01  6.7619E-01
  3.6829E+01  1.7318E-02  4.7284E+01  5.9783E-01
  3.7006E+01  1.6939E-02  4.6440E+01  5.7323E-01
  3.7182E+01  1.6491E-02  4.5576E+01  6.0471E-01
  3.7358E+01  1.6171E-02  4.4727E+01  6.8586E-01
  3.7534E+01  1.5961E-02  4.3927E+01  8.3822E-01
  3.7710E+01  1.5729E-02  4.3192E+01  1.1058E+00
  3.7886E+01  1.5464E-02  4.2515E+01  1.4719E+00
  3.8063E+01  1.5148E-02  4.1924E+01  1.8528E+00
  3.8239E+01  1.4641E-02  4.1459E+01  2.1779E+00
  3.8415E+01  1.4147E-02  4.1137E+01  2.4042E+00
  3.8591E+01  1.3868E-02  4.0931E+01  2.5167E+00
  3.8767E+01  1.3724E-02  4.0779E+01  2.5476E+00
  3.8943E+01  1.3547E-02  4.0637E+01  2.5438E+00
  3.9119E+01  1.3308E-02  4.0473E+01  2.5397E+00
  3.9296E+01  1.3077E-02  4.0287E+01  2.5453E+00
  3.9472E+01  1.2944E-02  4.0100E+01  2.5568E+00
  3.9648E+01  1.2876E-02  3.9917E+01  2.5573E+00
  3.9824E+01  1.2792E-02  3.9741E+01  2.5085E+00
  4.0000E+01  1.2655E-02  3.9575E+01  2.3865E+00
  4.0176E+01  1.2566E-02  3.9428E+01  2.2281E+00
  4.0353E+01  1.2717E-02  3.9301E+01  2.0966E+00
  4.0529E+01  1.3179E-02  3.9185E+01  2.0134E+00
  4.0705E+01  1.3776E-02  3.9114E+01  1.9429E+00
  4.0881E+01  1.4274E-02  3.9147E+01  1.8620E+00
  4.1057E+01  1.4605E-02  3.9348E+01  1.7854E+00
  4.1233E+01  1.4703E-02  3.9711E+01  1.6957E+00
  4.1410E+01  1.4592E-02  4.0134E+01  1.5487E+00
  4.1586E+01  1.4428E-02  4.0486E+01  1.3709E+00
  4.1762E+01  1.4341E-02  4.0695E+01  1.2007E+00
  4.1938E+01  1.4272E-02  4.0745E+01  1.0221E+00
  4.2117E+01  1.4156E-02  4.0664E+01  8.3379E-01
  4.2302E+01  1.4141E-02  4.0500E+01  6.6515E-01
  4.2487E+01  1.4202E-02  4.0317E+01  5.4464E-01
  4.2672E+01  1.4140E-02  4.0168E+01  4.4868E-01
  4.2857E+01  1.3905E-02  4.0083E+01  3.7365E-01
  4.3042E+01  1.3640E-02  4.0078E+01  3.4960E-01
  4.3227E+01  1.3465E-02  4.0180E+01  3.8134E-01
  4.3412E+01  1.3408E-02  4.0400E+01  4.5287E-01
  4.3597E+01  1.3609E-02  4.0728E+01  5.4165E-01
  4.3781E+01  1.4096E-02  4.1166E+01  6.2320E-01
  4.3966E+01  1.4679E-02  4.1713E+01  7.0216E-01
  4.4151E+01  1.5129E-02  4.2353E+01  7.7117E-01
  4.4336E+01  1.5343E-02  4.3036E+01  8.1685E-01
  4.4521E+01  1.5439E-02  4.3695E+01  8.1444E-01
  4.4706E+01  1.5634E-02  4.4263E+01  7.4805E-01
  4.4891E+01  1.6008E-02  4.4687E+01  6.4016E-01
  4.5076E+01  1.6560E-02  4.4964E+01  5.1488E-01
  4.5261E+01  1.7272E-02  4.5156E+01  4.0033E-01
  4.5446E+01  1.8132E-02  4.5349E+01  3.2232E-01
  4.5631E+01  1.8830E-02  4.5592E+01  2.4924E-01
  4.5816E+01  1.9073E-02  4.5877E+01  1.3881E-01
  4.6001E+01  1.9042E-02  4.6162E+01 -2.4141E-02
  4.6186E+01  1.9144E-02  4.6395E+01 -2.0449E-01
  4.6371E+01  1.9427E-02  4.6555E+01 -3.4526E-01
  4.6556E+01  1.9473E-02  4.6661E+01 -4.2690E-01
  4.6741E+01  1.9129E-02  4.6748E+01 -4.5384E-01
  4.6926E+01  1.8795E-02  4.6833E+01 -4.2071E-01
  4.7111E+01  1.8810E-02  4.6936E+01 -3.3564E-01
  4.7296E+01  1.9037E-02  4.7099E+01 -2.3175E-01
  4.7481E+01  1.9151E-02  4.7397E+01 -1.3514E-01
  4.7666E+01  1.9223E-02  4.7869E+01 -4.8067E-02
  4.7851E+01  1.9578E-02  4.8505E+01  3.6622E-03
  4.8036E+01  2.0043E-02  4.9265E+01  2.5665E-03
  4.8221E+01  2.0391E-02  5.0084E+01 -3.1856E-02
  4.8406E+01  2.0652E-02  5.0863E+01 -8.0489E-02
  4.8591E+01  2.0917E-02  5.1487E+01 -1.4461E-01
  4.8776E+01  2.1072E-02  5.1917E+01 -2.2583E-01
  4.8961E+01  2.1103E-02  5.2175E+01 -3.1942E-01
  4.9146E+01  2.1104E-02  5.2314E+01 -4.1011E-01
  4.9330E+01  2.1255E-02  5.2384E+01 -5.0815E-01
  4.9515E+01  2.1413E-02  5.2421E+01 -6.5392E-01
  4.9700E+01  2.1463E-02  5.2460E+01 -8.4525E-01
  4.9885E+01  2.1531E-02  5.2545E+01 -1.0163E+00
  5.0070E+01  2.1705E-02  5.2695E+01 -1.1250E+00
  5.0255E+01  2.1887E-02  5.2893E+01 -1.1931E+00
  5.0440E+01  2.2065E-02  5.3119E+01 -1.2664E+00
  5.0625E+01  2.2334E-02  5.3337E+01 -1.3450E+00
  5.0810E+01  2.2758E-02  5.3531E+01 -1.3965E+00
  5.0995E+01  2.3138E-02  5.3737E+01 -1.4278E+00
  5.1180E+01  2.3291E-02  5.3959E+01 -1.4643E+00
  5.1365E+01  2.3201E-02  5.4177E+01 -1.4907E+00
  5.1550E+01  2.3035E-02  5.4385E+01 -1.4820E+00
  5.1735E+01  2.2905E-02  5.4572E+01 -1.4433E+00
  5.1920E+01  2.2864E-02  5.4725E+01 -1.3905E+00
  5.2105E+01  2.2691E-02  5.4870E+01 -1.2840E+00
  5.2290E+01  2.2328E-02  5.5057E+01 -1.0709E+00
  5.2475E+01  2.1932E-02  5.5247E+01 -7.6372E-01
  5.2660E+01  2.1818E-02  5.5376E+01 -4.6433E-01
  5.2845E+01  2.2295E-02  5.5405E+01 -2.7562E-01
  5.3030E+01  2.3119E-02  5.5323E+01 -2.2772E-01
  5.3215E+01  2.3656E-02  5.5101E+01 -2.7310E-01
  5.3400E+01  2.3763E-02  5.4778E+01 -3.2951E-01
  5.3585E+01  2.3658E-02  5.4422E+01 -3.3001E-01
  5.3770E+01  2.3295E-02  5.4090E+01 -2.8378E-01
  5.3955E+01  2.2772E-02  5.3809E+01 -2.7922E-01
  5.4140E+01  2.2215E-02  5.3569E+01 -3.8404E-01
  5.4325E+01  2.1747E-02  5.3402E+01 -5.4040E-01
  5.4510E+01  2.1518E-02  5.3340E+01 -6.4170E-01
  5.4694E+01  2.1535E-02  5.3344E+01 -6.8412E-01
  5.4879E+01  2.1526E-02  5.3413E+01 -7.1811E-01
  5.5064E+01  2.1573E-02  5.3571E+01 -7.9026E-01
  5.5249E+01  2.1694E-02  5.3832E+01 -9.2331E-01
  5.5434E+01  2.1785E-02  5.4201E+01 -1.1202E+00
  5.5619E+01  2.1844E-02  5.4650E+01 -1.3441E+00
  5.5804E+01  2.2032E-02  5.5158E+01 -1.5116E+00
  5.5989E+01  2.2400E-02  5.5718E+01 -1.6045E+00
  5.6174E+01  2.2814E-02  5.6312E+01 -1.6126E+00
  5.6357E+01  2.2983E-02  5.6925E+01 -1.5151E+00
  5.6533E+01  2.2740E-02  5.7544E+01 -1.3229E+00
  5.6708E+01  2.2317E-02  5.8189E+01 -1.1029E+00
  5.6883E+01  2.1911E-02  5.8802E+01 -9.6143E-01
  5.7058E+01  2.1688E-02  5.9345E+01 -9.1340E-01
  5.7234E+01  2.1737E-02  5.9812E+01 -8.9817E-01
  5.7409E+01  2.1896E-02  6.0250E+01 -8.2863E-01
  5.7584E+01  2.2132E-02  6.0727E+01 -6.8374E-01
  5.7760E+01  2.2395E-02  6.1291E+01 -5.1166E-01
  5.7935E+01  2.2697E-02  6.1996E+01 -3.5407E-01
  5.8110E+01  2.2922E-02  6.2880E+01 -2.0650E-01
  5.8286E+01  2.3150E-02  6.3904E+01 -1.5567E-02
  5.8461E+01  2.3569E-02  6.4979E+01  2.6604E-01
  5.8636E+01  2.4171E-02  6.6024E+01  5.8004E-01
  5.8812E+01  2.4815E-02  6.6991E+01  8.6286E-01
  5.8987E+01  2.5339E-02  6.7865E+01  1.1177E+00
  5.9162E+01  2.5536E-02  6.8695E+01  1.3872E+00
  5.9328E+01  2.5655E-02  6.9485E+01  1.6395E+00
  5.9494E+01  2.6051E-02  7.0252E+01  1.8314E+00
  5.9661E+01  2.6808E-02  7.0887E+01  1.9473E+00
  5.9827E+01  2.7503E-02  7.1295E+01  1.9872E+00
  5.9993E+01  2.7572E-02  7.1465E+01  1.9751E+00
  6.0159E+01  2.7324E-02  7.1435E+01  1.8990E+00
  6.0325E+01  2.6997E-02  7.1305E+01  1.7559E+00
  6.0491E+01  2.6727E-02  7.1123E+01  1.6209E+00
  6.0648E+01  2.6709E-02  7.0862E+01  1.5959E+00
  6.0805E+01  2.6784E-02  7.0473E+01  1.6604E+00
  6.0963E+01  2.6856E-02  6.9940E+01  1.7264E+00
  6.1120E+01  2.7021E-02  6.9285E+01  1.7064E+00
  6.1277E+01  2.7174E-02  6.8557E+01  1.6131E+00
  6.1434E+01  2.6828E-02  6.7775E+01  1.4757E+00
  6.1592E+01  2.6076E-02  6.6963E+01  1.2525E+00
  6.1749E+01  2.5634E-02  6.6149E+01  9.6056E-01
  6.1906E+01  2.5689E-02  6.5311E+01  7.0109E-01
  6.2063E+01  2.5684E-02  6.4411E+01  4.9809E-01
  6.2221E+01  2.5514E-02  6.3494E+01  3.3406E-01
  6.2378E+01  2.5459E-02  6.2635E+01  2.0942E-01
  6.2535E+01  2.5669E-02  6.1858E+01  1.4550E-01
  6.2692E+01  2.5868E-02  6.1153E+01  1.5046E-01
  6.2849E+01  2.5801E-02  6.0533E+01  2.1283E-01
  6.3007E+01  2.5523E-02  6.0019E+01  3.2164E-01
  6.3164E+01  2.5282E-02  5.9609E+01  4.2608E-01
  6.3321E+01  2.4921E-02  5.9275E+01  5.0169E-01
  6.3478E+01  2.4556E-02  5.8971E+01  5.6983E-01
  6.3636E+01  2.4574E-02  5.8680E+01  6.4887E-01
  6.3793E+01  2.4823E-02  5.8363E+01  7.1065E-01
  6.3950E+01  2.4883E-02  5.7963E+01  7.5731E-01
  6.4107E+01  2.4507E-02  5.7470E+01  8.3627E-01
  6.4272E+01  2.3848E-02  5.6908E+01  9.8359E-01
  6.4437E+01  2.3264E-02  5.6366E+01  1.1505E+00
  6.4603E+01  2.2769E-02  5.5848E+01  1.2299E+00
  6.4768E+01  2.2406E-02  5.5343E+01  1.1908E+00
  6.4933E+01  2.2465E-02  5.4880E+01  1.0636E+00
  6.5098E+01  2.2624E-02  5.4469E+01  8.8568E-01
  6.5263E+01  2.2679E-02  5.4074E+01  6.9458E-01
  6.5428E+01  2.2652E-02  5.3718E+01  5.0397E-01
  6.5593E+01  2.2293E-02  5.3458E+01  3.3885E-01
  6.5758E+01  2.1890E-02  5.3283E+01  2.4142E-01
  6.5923E+01  2.1786E-02  5.3115E+01  2.0239E-01
  6.6088E+01  2.1681E-02  5.2885E+01  1.4581E-01
  6.6253E+01  2.1121E-02  5.2561E+01  2.4753E-02
  6.6418E+01  2.0288E-02  5.2164E+01 -1.1932E-01
  6.6584E+01  1.9427E-02  5.1738E+01 -2.6307E-01
  6.6749E+01  1.8566E-02  5.1298E+01 -4.3642E-01
  6.6914E+01  1.7938E-02  5.0818E+01 -6.2891E-01
  6.7079E+01  1.7541E-02  5.0272E+01 -8.2405E-01
  6.7247E+01  1.7022E-02  4.9691E+01 -1.0365E+00
  6.7421E+01  1.6616E-02  4.9159E+01 -1.2715E+00
  6.7594E+01  1.6579E-02  4.8737E+01 -1.4629E+00
  6.7767E+01  1.6577E-02  4.8432E+01 -1.5100E+00
  6.7941E+01  1.6332E-02  4.8238E+01 -1.3918E+00
  6.8114E+01  1.6074E-02  4.8143E+01 -1.1949E+00
  6.8287E+01  1.5954E-02  4.8147E+01 -1.0218E+00
  6.8461E+01  1.5855E-02  4.8277E+01 -8.9373E-01
  6.8634E+01  1.5811E-02  4.8533E+01 -7.8051E-01
  6.8807E+01  1.5886E-02  4.8849E+01 -6.6688E-01
  6.8981E+01  1.5926E-02  4.9114E+01 -5.3163E-01
  6.9154E+01  1.5845E-02  4.9224E+01 -3.6408E-01
  6.9327E+01  1.5703E-02  4.9094E+01 -2.1150E-01
  6.9501E+01  1.5672E-02  4.8683E+01 -1.0569E-01
  6.9674E+01  1.5647E-02  4.8026E+01 -5.5105E-02
  6.9847E+01  1.5546E-02  4.7212E+01 -9.0309E-02
  7.0021E+01  1.5343E-02  4.6342E+01 -2.3458E-01
  7.0194E+01  1.4851E-02  4.5470E+01 -4.5307E-01
  7.0367E+01  1.4202E-02  4.4618E+01 -6.8867E-01
  7.0541E+01  1.3569E-02  4.3808E+01 -8.9206E-01
  7.0714E+01  1.3025E-02  4.3064E+01 -1.0453E+00
  7.0887E+01  1.2711E-02  4.2365E+01 -1.1842E+00
  7.1061E+01  1.2529E-02  4.1602E+01 -1.3241E+00
  7.1234E+01  1.2394E-02  4.0709E+01 -1.4157E+00
  7.1407E+01  1.2274E-02  3.9701E+01 -1.4431E+00
  7.1581E+01  1.2237E-02  3.8643E+01 -1.4516E+00
  7.1754E+01  1.2417E-02  3.7640E+01 -1.4924E+00
  7.1927E+01  1.2564E-02  3.6781E+01 -1.5449E+00
  7.2101E+01  1.2400E-02  3.6086E+01 -1.5667E+00
  7.2274E+01  1.2118E-02  3.5531E+01 -1.5480E+00
  7.2447E+01  1.2167E-02  3.5120E+01 -1.5059E+00
  7.2621E+01  1.2592E-02  3.4843E+01 -1.4397E+00
  7.2794E+01  1.2955E-02  3.4661E+01 -1.3662E+00
  7.2967E+01  1.3123E-02  3.4513E+01 -1.3215E+00
  7.3141E+01  1.3209E-02  3.4335E+01 -1.3078E+00
  7.3320E+01  1.3229E-02  3.4104E+01 -1.3005E+00
  7.3502E+01  1.3064E-02  3.3875E+01 -1.2482E+00
  7.3684E+01  1.2779E-02  3.3719E+01 -1.1374E+00
  7.3866E+01  1.2594E-02  3.3644E+01 -1.0037E+00
  7.4048E+01  1.2450E-02  3.3637E+01 -8.7688E-01
  7.4230E+01  1.2424E-02  3.3694E+01 -7.8577E-01
  7.4412E+01  1.2490E-02  3.3777E+01 -7.3110E-01
  7.4594E+01  1.2565E-02  3.3821E+01 -7.1790E-01
  7.4776E+01  1.2639E-02  3.3819E+01 -7.4304E-01
  7.4958E+01  1.2584E-02  3.3822E+01 -7.9055E-01
  7.5140E+01  1.2507E-02  3.3878E+01 -8.4351E-01
  7.5322E+01  1.2625E-02  3.3995E+01 -8.9922E-01
  7.5504E+01  1.2844E-02  3.4125E+01 -9.5381E-01
  7.5686E+01  1.2884E-02  3.4247E+01 -9.8304E-01
  7.5868E+01  1.2804E-02  3.4355E+01 -9.7052E-01
  7.6050E+01  1.2800E-02  3.4409E+01 -9.1354E-01
  7.6232E+01  1.2853E-02  3.4376E+01 -8.2269E-01
  7.6414E+01  1.2922E-02  3.4262E+01 -7.0806E-01
  7.6596E+01  1.2927E-02  3.4121E+01 -5.7188E-01
  7.6778E+01  1.2897E-02  3.4006E+01 -4.2633E-01
  7.6960E+01  1.3016E-02  3.3922E+01 -3.0366E-01
  7.7142E+01  1.3351E-02  3.3869E+01 -2.3232E-01
  7.7324E+01  1.3715E-02  3.3871E+01 -2.0507E-01
  7.7506E+01  1.4123E-02  3.3916E+01 -2.1295E-01
  7.7688E+01  1.4700E-02  3.3998E+01 -2.4827E-01
  7.7870E+01  1.5302E-02  3.4162E+01 -3.0045E-01
  7.8052E+01  1.5735E-02  3.4464E+01 -3.5796E-01
  7.8234E+01  1.5972E-02  3.4893E+01 -4.0845E-01
  7.8416E+01  1.6212E-02  3.5368E+01 -4.2879E-01
  7.8598E+01  1.6345E-02  3.5805E+01 -4.3129E-01
  7.8780E+01  1.6236E-02  3.6157E+01 -4.6115E-01
  7.8963E+01  1.6121E-02  3.6394E+01 -5.1665E-01
  7.9145E+01  1.6390E-02  3.6536E+01 -5.6130E-01
  7.9327E+01  1.6850E-02  3.6663E+01 -5.8593E-01
  7.9509E+01  1.7113E-02  3.6877E+01 -6.1149E-01
  7.9696E+01  1.7143E-02  3.7258E+01 -6.3025E-01
  7.9887E+01  1.7144E-02  3.7853E+01 -6.1712E-01
  8.0078E+01  1.7171E-02  3.8625E+01 -5.8148E-01
  8.0269E+01  1.7211E-02  3.9470E+01 -5.4765E-01
  8.0460E+01  1.7338E-02  4.0257E+01 -5.0363E-01
  8.0652E+01  1.7658E-02  4.0875E+01 -4.2759E-01
  8.0843E+01  1.8065E-02  4.1276E+01 -2.9223E-01
  8.1034E+01  1.8320E-02  4.1484E+01 -1.1964E-01
  8.1225E+01  1.8349E-02  4.1535E+01  1.0486E-02
  8.1416E+01  1.8054E-02  4.1436E+01  3.1015E-02
  8.1607E+01  1.7648E-02  4.1214E+01 -3.5555E-02
  8.1798E+01  1.7382E-02  4.0937E+01 -1.0838E-01
  8.1989E+01  1.7269E-02  4.0652E+01 -1.1431E-01
  8.2180E+01  1.7206E-02  4.0358E+01 -5.3835E-02
  8.2372E+01  1.7195E-02  4.0029E+01  3.5305E-02
  8.2563E+01  1.7373E-02  3.9664E+01  1.3168E-01
  8.2754E+01  1.7669E-02  3.9285E+01  2.4457E-01
  8.2945E+01  1.7856E-02  3.8950E+01  3.7424E-01
  8.3136E+01  1.8004E-02  3.8757E+01  5.0207E-01
  8.3327E+01  1.8138E-02  3.8762E+01  5.9184E-01
  8.3518E+01  1.8046E-02  3.8971E+01  6.2574E-01
  8.3709E+01  1.7691E-02  3.9374E+01  6.1774E-01
  8.3900E+01  1.7282E-02  3.9914E+01  5.8024E-01
  8.4092E+01  1.7065E-02  4.0467E+01  5.1422E-01
  8.4283E+01  1.7089E-02  4.0953E+01  4.0004E-01
  8.4474E+01  1.7341E-02  4.1356E+01  2.3989E-01
  8.4663E+01  1.7723E-02  4.1692E+01  1.0230E-01
  8.4844E+01  1.8049E-02  4.1966E+01  3.9136E-02
  8.5026E+01  1.7997E-02  4.2202E+01  2.9371E-02
  8.5207E+01  1.7601E-02  4.2409E+01  3.5316E-02
  8.5389E+01  1.7254E-02  4.2592E+01  3.8492E-02
  8.5570E+01  1.7235E-02  4.2768E+01  4.8457E-02
  8.5752E+01  1.7379E-02  4.2964E+01  5.4078E-02
  8.5933E+01  1.7335E-02  4.3204E+01  3.8764E-02
  8.6114E+01  1.7053E-02  4.3518E+01  1.6349E-02
  8.6296E+01  1.6839E-02  4.3914E+01 -1.6565E-02
  8.6477E+01  1.6935E-02  4.4369E+01 -7.1534E-02
  8.6659E+01  1.7397E-02  4.4856E+01 -1.3627E-01
  8.6840E+01  1.8045E-02  4.5357E+01 -1.8799E-01
  8.7022E+01  1.8559E-02  4.5874E+01 -2.3273E-01
  8.7203E+01  1.8996E-02  4.6435E+01 -3.0179E-01
  8.7385E+01  1.9453E-02  4.7061E+01 -4.0429E-01
  8.7566E+01  1.9738E-02  4.7744E+01 -5.3281E-01
  8.7747E+01  1.9915E-02  4.8457E+01 -6.6134E-01
  8.7935E+01  2.0128E-02  4.9211E+01 -7.8311E-01
  8.8126E+01  2.0239E-02  4.9984E+01 -8.7336E-01
  8.8316E+01  2.0213E-02  5.0716E+01 -9.0099E-01
  8.8507E+01  2.0232E-02  5.1336E+01 -8.5965E-01
  8.8697E+01  2.0346E-02  5.1835E+01 -7.5114E-01
  8.8888E+01  2.0455E-02  5.2248E+01 -5.9215E-01
  8.9078E+01  2.0352E-02  5.2606E+01 -3.9492E-01
  8.9269E+01  2.0318E-02  5.2969E+01 -1.8746E-01
  8.9459E+01  2.0636E-02  5.3380E+01  8.4510E-05
  8.9650E+01  2.1133E-02  5.3845E+01  1.8163E-01
  8.9840E+01  2.1558E-02  5.4352E+01  3.8875E-01
  9.0031E+01  2.1932E-02  5.4853E+01  5.8152E-01
  9.0222E+01  2.2247E-02  5.5238E+01  7.1584E-01
  9.0412E+01  2.2562E-02  5.5394E+01  7.9362E-01
  9.0603E+01  2.2968E-02  5.5307E+01  8.1200E-01
  9.0793E+01  2.3298E-02  5.5069E+01  7.5840E-01
  9.0984E+01  2.3354E-02  5.4814E+01  6.6393E-01
  9.1174E+01  2.3066E-02  5.4614E+01  5.6276E-01
  9.1365E+01  2.2684E-02  5.4457E+01  4.7056E-01
  9.1555E+01  2.2474E-02  5.4322E+01  3.4978E-01
  9.1746E+01  2.2393E-02  5.4211E+01  1.8235E-01
  9.1936E+01  2.2356E-02  5.4144E+01  1.6447E-02
  9.2127E+01  2.2137E-02  5.4113E+01 -9.8146E-02
  9.2317E+01  2.1594E-02  5.4038E+01 -1.6916E-01
  9.2508E+01  2.0874E-02  5.3846E+01 -2.1734E-01
  9.2698E+01  2.0289E-02  5.3481E+01 -2.3950E-01
  9.2889E+01  2.0037E-02  5.2916E+01 -2.1489E-01
  9.3079E+01  1.9982E-02  5.2137E+01 -1.1846E-01
  9.3270E+01  1.9783E-02  5.1190E+01  3.1498E-02
  9.3451E+01  1.9416E-02  5.0200E+01  1.8112E-01
  9.3632E+01  1.9157E-02  4.9204E+01  3.3790E-01
  9.3813E+01  1.8802E-02  4.8262E+01  4.8619E-01
  9.3993E+01  1.8358E-02  4.7410E+01  5.5310E-01
  9.4174E+01  1.8108E-02  4.6673E+01  5.3847E-01
  9.4355E+01  1.7935E-02  4.6041E+01  4.7798E-01
  9.4536E+01  1.7639E-02  4.5483E+01  4.0768E-01
  9.4716E+01  1.7426E-02  4.4966E+01  3.7169E-01
  9.4897E+01  1.7232E-02  4.4503E+01  3.9181E-01
  9.5078E+01  1.6748E-02  4.4104E+01  4.5718E-01
  9.5258E+01  1.6190E-02  4.3729E+01  5.0763E-01
  9.5439E+01  1.5943E-02  4.3358E+01  5.1710E-01
  9.5620E+01  1.6006E-02  4.3053E+01  4.6591E-01
  9.5800E+01  1.6125E-02  4.2902E+01  3.6543E-01
  9.5981E+01  1.6151E-02  4.2949E+01  2.7307E-01
  9.6162E+01  1.6291E-02  4.3123E+01  2.3380E-01
  9.6342E+01  1.6700E-02  4.3278E+01  2.6545E-01
  9.6523E+01  1.7183E-02  4.3280E+01  3.3814E-01
  9.6704E+01  1.7506E-02  4.3153E+01  4.0778E-01
  9.6884E+01  1.7629E-02  4.3014E+01  4.6771E-01
  9.7065E+01  1.7456E-02  4.2916E+01  5.0018E-01
  9.7246E+01  1.6992E-02  4.2866E+01  4.6632E-01
  9.7426E+01  1.6386E-02  4.2867E+01  3.7813E-01
  9.7607E+01  1.5883E-02  4.2892E+01  2.5834E-01
  9.7788E+01  1.5519E-02  4.2911E+01  9.8762E-02
  9.7968E+01  1.5400E-02  4.2924E+01 -9.6857E-02
  9.8149E+01  1.5679E-02  4.2933E+01 -2.9578E-01
  9.8330E+01  1.6073E-02  4.2937E+01 -4.7171E-01
  9.8510E+01  1.6410E-02  4.2948E+01 -6.1705E-01
  9.8691E+01  1.6668E-02  4.2977E+01 -7.0823E-01
  9.8872E+01  1.6690E-02  4.3028E+01 -7.1797E-01
  9.9052E+01  1.6549E-02  4.3090E+01 -6.7064E-01
  9.9233E+01  1.6437E-02  4.3145E+01 -6.3491E-01
  9.9414E+01  1.6236E-02  4.3188E+01 -6.2475E-01
  9.9594E+01  1.5835E-02  4.3231E+01 -6.2670E-01
  9.9775E+01  1.5409E-02  4.3296E+01 -6.4516E-01
  9.9956E+01  1.5059E-02  4.3415E+01 -6.5712E-01
  1.0014E+02  1.4951E-02  4.3552E+01 -6.2563E-01
  1.0032E+02  1.5156E-02  4.3615E+01 -5.5161E-01
  1.0050E+02  1.5415E-02  4.3554E+01 -4.5670E-01
  1.0068E+02  1.5598E-02  4.3382E+01 -3.6917E-01
  1.0086E+02  1.5783E-02  4.3180E+01 -3.2212E-01
  1.0104E+02  1.5992E-02  4.3028E+01 -3.2585E-01
  1.0122E+02  1.6276E-02  4.2959E+01 -3.3252E-01
  1.0140E+02  1.6519E-02  4.2945E+01 -2.9259E-01
  1.0158E+02  1.6513E-02  4.2938E+01 -2.1607E-01
  1.0176E+02  1.6284E-02  4.2847E+01 -8.7384E-02
  1.0194E+02  1.5860E-02  4.2586E+01  8.8739E-02
  1.0212E+02  1.5417E-02  4.2155E+01  2.6828E-01
  1.0230E+02  1.5113E-02  4.1609E+01  3.8052E-01
  1.0249E+02  1.4913E-02  4.1012E+01  4.0818E-01
  1.0267E+02  1.4793E-02  4.0420E+01  4.0911E-01
  1.0285E+02  1.4764E-02  3.9879E+01  4.3521E-01
  1.0303E+02  1.4821E-02  3.9425E+01  4.7178E-01
  1.0321E+02  1.4894E-02  3.9080E+01  5.1086E-01
  1.0339E+02  1.4796E-02  3.8857E+01  5.6347E-01
  1.0357E+02  1.4537E-02  3.8743E+01  6.3636E-01
  1.0375E+02  1.4264E-02  3.8693E+01  7.1917E-01
  1.0393E+02  1.4088E-02  3.8634E+01  7.8706E-01
  1.0411E+02  1.3960E-02  3.8511E+01  8.1104E-01
  1.0429E+02  1.3803E-02  3.8344E+01  7.8331E-01
  1.0447E+02  1.3588E-02  3.8212E+01  7.2696E-01
  1.0465E+02  1.3390E-02  3.8185E+01  6.6719E-01
  1.0483E+02  1.3243E-02  3.8303E+01  6.0741E-01
  1.0501E+02  1.3293E-02  3.8543E+01  5.4561E-01
  1.0520E+02  1.3611E-02  3.8849E+01  4.8299E-01
  1.0538E+02  1.4042E-02  3.9181E+01  4.0560E-01
  1.0556E+02  1.4505E-02  3.9527E+01  3.1403E-01
  1.0574E+02  1.4910E-02  3.9876E+01  2.3166E-01
  1.0592E+02  1.5000E-02  4.0229E+01  1.6062E-01
  1.0610E+02  1.4857E-02  4.0575E+01  9.6664E-02
  1.0628E+02  1.4919E-02  4.0884E+01  5.0291E-02
  1.0647E+02  1.5259E-02  4.1144E+01  3.2315E-02
  1.0666E+02  1.5527E-02  4.1346E+01  3.4473E-02
  1.0685E+02  1.5340E-02  4.1518E+01  6.8677E-02
  1.0704E+02  1.4927E-02  4.1711E+01  1.1308E-01
  1.0723E+02  1.4768E-02  4.1946E+01  1.5268E-01
  1.0742E+02  1.4961E-02  4.2215E+01  1.9469E-01
  1.0761E+02  1.5317E-02  4.2511E+01  2.0918E-01
  1.0780E+02  1.5861E-02  4.2835E+01  1.6775E-01
  1.0798E+02  1.6683E-02  4.3201E+01  1.2016E-01
  1.0817E+02  1.7473E-02  4.3603E+01  8.4183E-02
  1.0836E+02  1.8035E-02  4.3985E+01  3.8370E-02
  1.0855E+02  1.8326E-02  4.4265E+01 -2.1920E-02
  1.0874E+02  1.8243E-02  4.4378E+01 -8.1447E-02
  1.0893E+02  1.7979E-02  4.4275E+01 -1.2947E-01
  1.0912E+02  1.7786E-02  4.3993E+01 -1.6860E-01
  1.0931E+02  1.7614E-02  4.3630E+01 -2.2877E-01
  1.0950E+02  1.7459E-02  4.3277E+01 -3.3279E-01
  1.0969E+02  1.7344E-02  4.2960E+01 -4.6804E-01
  1.0988E+02  1.7226E-02  4.2682E+01 -5.9418E-01
  1.1007E+02  1.7165E-02  4.2462E+01 -6.8538E-01
  1.1026E+02  1.7306E-02  4.2320E+01 -7.4268E-01
  1.1045E+02  1.7412E-02  4.2256E+01 -7.6730E-01
  1.1064E+02  1.7358E-02  4.2262E+01 -7.5501E-01
  1.1083E+02  1.7130E-02  4.2331E+01 -7.3633E-01
  1.1102E+02  1.6729E-02  4.2442E+01 -7.5413E-01
  1.1121E+02  1.6377E-02  4.2539E+01 -8.0300E-01
  1.1140E+02  1.6159E-02  4.2571E+01 -8.5088E-01
  1.1158E+02  1.6054E-02  4.2511E+01 -8.7935E-01
  1.1176E+02  1.5827E-02  4.2366E+01 -8.8192E-01
  1.1194E+02  1.5487E-02  4.2141E+01 -8.5649E-01
  1.1212E+02  1.5145E-02  4.1843E+01 -8.1450E-01
  1.1230E+02  1.4974E-02  4.1503E+01 -7.9492E-01
  1.1248E+02  1.5127E-02  4.1175E+01 -8.1378E-01
  1.1266E+02  1.5356E-02  4.0914E+01 -8.6539E-01
  1.1284E+02  1.5470E-02  4.0734E+01 -9.3891E-01
  1.1302E+02  1.5563E-02  4.0595E+01 -1.0027E+00
  1.1320E+02  1.5714E-02  4.0438E+01 -1.0398E+00
  1.1338E+02  1.5846E-02  4.0228E+01 -1.0671E+00
  1.1356E+02  1.5883E-02  3.9959E+01 -1.0944E+00
  1.1374E+02  1.5840E-02  3.9634E+01 -1.1040E+00
  1.1392E+02  1.5611E-02  3.9272E+01 -1.0932E+00
  1.1410E+02  1.5212E-02  3.8924E+01 -1.0731E+00
  1.1428E+02  1.4800E-02  3.8636E+01 -1.0599E+00
  1.1446E+02  1.4531E-02  3.8426E+01 -1.0644E+00
  1.1464E+02  1.4488E-02  3.8292E+01 -1.0854E+00
  1.1482E+02  1.4507E-02  3.8238E+01 -1.1086E+00
  1.1500E+02  1.4432E-02  3.8266E+01 -1.1063E+00
  1.1518E+02  1.4308E-02  3.8368E+01 -1.0834E+00
  1.1536E+02  1.4287E-02  3.8567E+01 -1.0656E+00
  1.1554E+02  1.4353E-02  3.8888E+01 -1.0882E+00
  1.1572E+02  1.4348E-02  3.9297E+01 -1.1560E+00
  1.1590E+02  1.4360E-02  3.9733E+01 -1.2274E+00
  1.1608E+02  1.4429E-02  4.0158E+01 -1.2502E+00
  1.1626E+02  1.4347E-02  4.0578E+01 -1.1981E+00
  1.1645E+02  1.4099E-02  4.0975E+01 -1.1000E+00
  1.1664E+02  1.4132E-02  4.1325E+01 -1.0130E+00
  1.1683E+02  1.4569E-02  4.1627E+01 -9.6717E-01
  1.1702E+02  1.5004E-02  4.1911E+01 -9.6659E-01
  1.1720E+02  1.5337E-02  4.2184E+01 -9.8366E-01
  1.1739E+02  1.5637E-02  4.2437E+01 -1.0069E+00
  1.1758E+02  1.5921E-02  4.2645E+01 -1.0077E+00
  1.1777E+02  1.6162E-02  4.2785E+01 -9.4262E-01
  1.1796E+02  1.6497E-02  4.2862E+01 -8.1275E-01
  1.1815E+02  1.6858E-02  4.2917E+01 -6.3656E-01
  1.1834E+02  1.6993E-02  4.2992E+01 -4.3472E-01
  1.1853E+02  1.7077E-02  4.3088E+01 -2.6169E-01
  1.1871E+02  1.7296E-02  4.3186E+01 -1.6395E-01
  1.1890E+02  1.7507E-02  4.3284E+01 -1.4748E-01
  1.1909E+02  1.7556E-02  4.3407E+01 -1.8906E-01
  1.1928E+02  1.7482E-02  4.3551E+01 -2.3458E-01
  1.1947E+02  1.7354E-02  4.3619E+01 -2.3715E-01
  1.1966E+02  1.7309E-02  4.3460E+01 -2.0020E-01
  1.1985E+02  1.7224E-02  4.3031E+01 -1.4532E-01
  1.2004E+02  1.7131E-02  4.2451E+01 -6.1086E-02
  1.2022E+02  1.7014E-02  4.1871E+01  5.2813E-02
  1.2041E+02  1.6905E-02  4.1340E+01  1.3673E-01
  1.2060E+02  1.6715E-02  4.0860E+01  1.6973E-01
  1.2079E+02  1.6246E-02  4.0434E+01  1.2886E-01
  1.2098E+02  1.5730E-02  4.0046E+01 -4.3961E-03
  1.2117E+02  1.5383E-02  3.9603E+01 -2.1243E-01
  1.2136E+02  1.5080E-02  3.9031E+01 -4.5894E-01
  1.2154E+02  1.4785E-02  3.8400E+01 -6.9575E-01
  1.2173E+02  1.4543E-02  3.7826E+01 -8.9004E-01
  1.2192E+02  1.4449E-02  3.7348E+01 -1.0292E+00
  1.2211E+02  1.4519E-02  3.6955E+01 -1.1042E+00
  1.2230E+02  1.4510E-02  3.6656E+01 -1.0849E+00
  1.2249E+02  1.4355E-02  3.6435E+01 -9.7121E-01
  1.2268E+02  1.4085E-02  3.6217E+01 -7.7864E-01
  1.2287E+02  1.3717E-02  3.5925E+01 -5.1089E-01
  1.2305E+02  1.3308E-02  3.5561E+01 -2.0535E-01
  1.2324E+02  1.2990E-02  3.5181E+01  9.0274E-02
  1.2343E+02  1.2681E-02  3.4807E+01  3.6478E-01
  1.2362E+02  1.2105E-02  3.4442E+01  5.8918E-01
  1.2381E+02  1.1412E-02  3.4118E+01  7.4772E-01
  1.2400E+02  1.0904E-02  3.3922E+01  8.5124E-01
  1.2418E+02  1.0605E-02  3.3904E+01  9.3196E-01
  1.2436E+02  1.0395E-02  3.4061E+01  1.0134E+00
  1.2453E+02  1.0318E-02  3.4370E+01  1.1009E+00
  1.2471E+02  1.0324E-02  3.4788E+01  1.1903E+00
  1.2489E+02  1.0349E-02  3.5252E+01  1.2781E+00
  1.2507E+02  1.0373E-02  3.5697E+01  1.3525E+00
  1.2525E+02  1.0435E-02  3.6062E+01  1.4307E+00
  1.2543E+02  1.0656E-02  3.6316E+01  1.5234E+00
  1.2561E+02  1.0972E-02  3.6465E+01  1.6010E+00
  1.2579E+02  1.1395E-02  3.6536E+01  1.6266E+00
  1.2597E+02  1.1815E-02  3.6578E+01  1.5728E+00
  1.2615E+02  1.2109E-02  3.6617E+01  1.4312E+00
  1.2632E+02  1.2209E-02  3.6655E+01  1.2304E+00
  1.2650E+02  1.2286E-02  3.6693E+01  1.0230E+00
  1.2668E+02  1.2562E-02  3.6737E+01  8.2653E-01
  1.2686E+02  1.2959E-02  3.6784E+01  6.2575E-01
  1.2704E+02  1.3288E-02  3.6802E+01  4.1678E-01
  1.2723E+02  1.3581E-02  3.6752E+01  2.0528E-01
  1.2742E+02  1.3776E-02  3.6604E+01  2.0831E-02
  1.2760E+02  1.3729E-02  3.6356E+01 -1.2513E-01
  1.2779E+02  1.3516E-02  3.6036E+01 -2.3524E-01
  1.2798E+02  1.3362E-02  3.5680E+01 -3.1119E-01
  1.2817E+02  1.3377E-02  3.5329E+01 -3.6139E-01
  1.2836E+02  1.3346E-02  3.5033E+01 -3.6800E-01
  1.2854E+02  1.3287E-02  3.4813E+01 -2.8404E-01
  1.2873E+02  1.3436E-02  3.4680E+01 -9.3742E-02
  1.2892E+02  1.3720E-02  3.4671E+01  1.5867E-01
  1.2911E+02  1.4062E-02  3.4830E+01  4.0800E-01
  1.2930E+02  1.4384E-02  3.5191E+01  6.1683E-01
  1.2948E+02  1.4554E-02  3.5755E+01  7.6541E-01
  1.2967E+02  1.4626E-02  3.6475E+01  8.6094E-01
  1.2986E+02  1.4787E-02  3.7238E+01  9.0547E-01
  1.3005E+02  1.5034E-02  3.7962E+01  9.0200E-01
  1.3024E+02  1.5279E-02  3.8651E+01  8.8293E-01
  1.3042E+02  1.5488E-02  3.9309E+01  8.5961E-01
  1.3061E+02  1.5723E-02  3.9916E+01  8.4611E-01
  1.3080E+02  1.6064E-02  4.0466E+01  8.4499E-01
  1.3099E+02  1.6439E-02  4.0963E+01  8.5310E-01
  1.3117E+02  1.6678E-02  4.1415E+01  8.7813E-01
  1.3136E+02  1.6770E-02  4.1820E+01  9.0317E-01
  1.3155E+02  1.6891E-02  4.2139E+01  9.0678E-01
  1.3174E+02  1.7081E-02  4.2345E+01  8.9890E-01
  1.3193E+02  1.7157E-02  4.2436E+01  8.9049E-01
  1.3211E+02  1.7046E-02  4.2419E+01  8.7398E-01
  1.3230E+02  1.6900E-02  4.2270E+01  8.2694E-01
  1.3249E+02  1.6961E-02  4.1903E+01  7.4223E-01
  1.3268E+02  1.7143E-02  4.1227E+01  6.5647E-01
  1.3287E+02  1.7143E-02  4.0290E+01  5.8742E-01
  1.3305E+02  1.6755E-02  3.9238E+01  5.1604E-01
  1.3324E+02  1.6140E-02  3.8171E+01  4.3195E-01
  1.3343E+02  1.5434E-02  3.7111E+01  3.2927E-01
  1.3362E+02  1.4689E-02  3.6075E+01  2.1952E-01
  1.3381E+02  1.3914E-02  3.5138E+01  1.4732E-01
  1.3399E+02  1.3327E-02  3.4374E+01  1.7088E-01
  1.3418E+02  1.2918E-02  3.3816E+01  2.7162E-01
  1.3437E+02  1.2383E-02  3.3459E+01  3.9509E-01
  1.3456E+02  1.1701E-02  3.3267E+01  4.8579E-01
  1.3474E+02  1.1201E-02  3.3186E+01  5.0284E-01
  1.3493E+02  1.1142E-02  3.3165E+01  4.7423E-01
  1.3512E+02  1.1382E-02  3.3204E+01  4.4222E-01
  1.3531E+02  1.1644E-02  3.3327E+01  4.2754E-01
  1.3550E+02  1.1783E-02  3.3519E+01  4.3243E-01
  1.3568E+02  1.1809E-02  3.3744E+01  4.5334E-01
  1.3587E+02  1.1722E-02  3.3977E+01  4.8633E-01
  1.3606E+02  1.1526E-02  3.4221E+01  5.3098E-01
  1.3625E+02  1.1337E-02  3.4513E+01  5.6538E-01
  1.3644E+02  1.1454E-02  3.4875E+01  5.4630E-01
  1.3662E+02  1.1864E-02  3.5283E+01  4.5064E-01
  1.3681E+02  1.2223E-02  3.5697E+01  2.9511E-01
  1.3700E+02  1.2261E-02  3.6093E+01  1.3183E-01
  1.3719E+02  1.2076E-02  3.6479E+01  8.5896E-03
  1.3738E+02  1.2016E-02  3.6860E+01 -4.2621E-02
  1.3756E+02  1.2090E-02  3.7242E+01 -1.0060E-02
  1.3775E+02  1.2215E-02  3.7635E+01  1.0068E-01
  1.3794E+02  1.2366E-02  3.8033E+01  2.8286E-01
  1.3813E+02  1.2511E-02  3.8427E+01  4.9397E-01
  1.3832E+02  1.2820E-02  3.8810E+01  6.8110E-01
  1.3850E+02  1.3379E-02  3.9168E+01  8.4980E-01
  1.3869E+02  1.4088E-02  3.9497E+01  1.0371E+00
  1.3888E+02  1.4743E-02  3.9817E+01  1.2406E+00
  1.3907E+02  1.5184E-02  4.0148E+01  1.4103E+00
  1.3925E+02  1.5583E-02  4.0447E+01  1.4959E+00
  1.3944E+02  1.6060E-02  4.0639E+01  1.5139E+00
  1.3963E+02  1.6494E-02  4.0679E+01  1.5138E+00
  1.3982E+02  1.6808E-02  4.0561E+01  1.5097E+00
  1.4001E+02  1.6811E-02  4.0267E+01  1.4952E+00
  1.4019E+02  1.6353E-02  3.9764E+01  1.4391E+00
  1.4038E+02  1.5589E-02  3.9080E+01  1.3245E+00
  1.4057E+02  1.4755E-02  3.8355E+01  1.1824E+00
  1.4076E+02  1.4085E-02  3.7762E+01  1.0368E+00
  1.4095E+02  1.3645E-02  3.7395E+01  9.0556E-01
  1.4113E+02  1.3412E-02  3.7263E+01  8.0121E-01
  1.4132E+02  1.3336E-02  3.7344E+01  7.5249E-01
  1.4151E+02  1.3366E-02  3.7599E+01  7.6122E-01
  1.4170E+02  1.3453E-02  3.7987E+01  7.8961E-01
  1.4189E+02  1.3619E-02  3.8474E+01  8.2299E-01
  1.4207E+02  1.3855E-02  3.9052E+01  8.4089E-01
  1.4226E+02  1.4038E-02  3.9700E+01  8.3000E-01
  1.4245E+02  1.4151E-02  4.0375E+01  8.0478E-01
  1.4264E+02  1.4415E-02  4.1041E+01  7.8129E-01
  1.4282E+02  1.4896E-02  4.1648E+01  7.7799E-01
  1.4300E+02  1.5586E-02  4.2186E+01  7.7939E-01
  1.4318E+02  1.6320E-02  4.2658E+01  7.7974E-01
  1.4335E+02  1.6829E-02  4.3056E+01  7.9785E-01
  1.4353E+02  1.7139E-02  4.3384E+01  8.7407E-01
  1.4371E+02  1.7283E-02  4.3640E+01  9.9527E-01
  1.4389E+02  1.7291E-02  4.3832E+01  1.0839E+00
  1.4407E+02  1.7319E-02  4.3981E+01  1.1192E+00
  1.4424E+02  1.7484E-02  4.4123E+01  1.1595E+00
  1.4442E+02  1.7884E-02  4.4276E+01  1.2701E+00
  1.4460E+02  1.8380E-02  4.4436E+01  1.4667E+00
  1.4478E+02  1.8442E-02  4.4600E+01  1.7106E+00
  1.4496E+02  1.7924E-02  4.4760E+01  1.9416E+00
  1.4514E+02  1.7256E-02  4.4902E+01  2.1333E+00
  1.4531E+02  1.6942E-02  4.5022E+01  2.2891E+00
  1.4549E+02  1.7080E-02  4.5157E+01  2.4224E+00
  1.4567E+02  1.7439E-02  4.5355E+01  2.5333E+00
  1.4585E+02  1.7669E-02  4.5618E+01  2.6322E+00
  1.4603E+02  1.7627E-02  4.5887E+01  2.7278E+00
  1.4621E+02  1.7552E-02  4.6085E+01  2.7958E+00
  1.4638E+02  1.7575E-02  4.6150E+01  2.7762E+00
  1.4656E+02  1.7700E-02  4.6047E+01  2.6562E+00
  1.4674E+02  1.7706E-02  4.5790E+01  2.4681E+00
  1.4692E+02  1.7511E-02  4.5436E+01  2.2566E+00
  1.4710E+02  1.7268E-02  4.5045E+01  2.0659E+00
  1.4728E+02  1.6957E-02  4.4629E+01  1.9325E+00
  1.4747E+02  1.6654E-02  4.4187E+01  1.8675E+00
  1.4766E+02  1.6369E-02  4.3721E+01  1.8698E+00
  1.4784E+02  1.5932E-02  4.3266E+01  1.9013E+00
  1.4803E+02  1.5511E-02  4.2864E+01  1.9147E+00
  1.4822E+02  1.5159E-02  4.2554E+01  1.9071E+00
  1.4840E+02  1.4843E-02  4.2314E+01  1.9036E+00
  1.4859E+02  1.4634E-02  4.2109E+01  1.8988E+00
  1.4878E+02  1.4464E-02  4.1932E+01  1.8592E+00
  1.4897E+02  1.4502E-02  4.1768E+01  1.7919E+00
  1.4915E+02  1.4668E-02  4.1631E+01  1.7293E+00
  1.4934E+02  1.4792E-02  4.1560E+01  1.6888E+00
  1.4953E+02  1.4903E-02  4.1607E+01  1.6471E+00
  1.4971E+02  1.5088E-02  4.1808E+01  1.5884E+00
  1.4990E+02  1.5186E-02  4.2154E+01  1.5002E+00
  1.5009E+02  1.5077E-02  4.2615E+01  1.3893E+00
  1.5028E+02  1.4797E-02  4.3163E+01  1.2739E+00
  1.5046E+02  1.4631E-02  4.3766E+01  1.1349E+00
  1.5065E+02  1.4977E-02  4.4375E+01  9.5814E-01
  1.5084E+02  1.5780E-02  4.4946E+01  8.0470E-01
  1.5102E+02  1.6453E-02  4.5495E+01  7.2447E-01
  1.5121E+02  1.6652E-02  4.6046E+01  6.9701E-01
  1.5140E+02  1.6667E-02  4.6602E+01  6.8612E-01
  1.5159E+02  1.6778E-02  4.7119E+01  6.7926E-01
  1.5177E+02  1.6898E-02  4.7491E+01  6.8715E-01
  1.5196E+02  1.7024E-02  4.7632E+01  7.2301E-01
  1.5215E+02  1.7194E-02  4.7611E+01  7.3775E-01
  1.5234E+02  1.7412E-02  4.7579E+01  6.8071E-01
  1.5252E+02  1.7766E-02  4.7639E+01  5.4904E-01
  1.5271E+02  1.8145E-02  4.7830E+01  4.0448E-01
  1.5290E+02  1.8304E-02  4.8167E+01  2.8154E-01
  1.5308E+02  1.8460E-02  4.8638E+01  1.7840E-01
  1.5327E+02  1.8884E-02  4.9179E+01  8.6186E-02
  1.5346E+02  1.9256E-02  4.9690E+01 -6.8679E-04
  1.5365E+02  1.9358E-02  5.0116E+01 -8.4670E-02
  1.5383E+02  1.9207E-02  5.0451E+01 -1.7375E-01
  1.5402E+02  1.8922E-02  5.0733E+01 -2.4634E-01
  1.5421E+02  1.8571E-02  5.1080E+01 -3.1342E-01
  1.5439E+02  1.8243E-02  5.1582E+01 -3.9919E-01
  1.5458E+02  1.8209E-02  5.2188E+01 -4.9671E-01
  1.5477E+02  1.8365E-02  5.2750E+01 -6.0596E-01
  1.5496E+02  1.8412E-02  5.3138E+01 -7.3175E-01
  1.5514E+02  1.8324E-02  5.3278E+01 -8.3114E-01
  1.5533E+02  1.8394E-02  5.3153E+01 -9.2496E-01
  1.5552E+02  1.8814E-02  5.2824E+01 -1.0589E+00
  1.5570E+02  1.9349E-02  5.2367E+01 -1.1647E+00
  1.5589E+02  1.9745E-02  5.1840E+01 -1.2047E+00
  1.5608E+02  1.9886E-02  5.1309E+01 -1.2362E+00
  1.5627E+02  1.9671E-02  5.0851E+01 -1.3289E+00
  1.5645E+02  1.9256E-02  5.0508E+01 -1.4747E+00
  1.5664E+02  1.8884E-02  5.0290E+01 -1.6142E+00
  1.5683E+02  1.8672E-02  5.0173E+01 -1.7461E+00
  1.5701E+02  1.8553E-02  5.0159E+01 -1.9029E+00
  1.5720E+02  1.8548E-02  5.0253E+01 -2.0640E+00
  1.5739E+02  1.8602E-02  5.0428E+01 -2.1920E+00
  1.5758E+02  1.8703E-02  5.0652E+01 -2.2977E+00
  1.5776E+02  1.8727E-02  5.0890E+01 -2.4036E+00
  1.5795E+02  1.8686E-02  5.1139E+01 -2.4906E+00
  1.5814E+02  1.8805E-02  5.1435E+01 -2.5111E+00
  1.5832E+02  1.9078E-02  5.1806E+01 -2.4293E+00
  1.5851E+02  1.9519E-02  5.2296E+01 -2.2646E+00
  1.5870E+02  1.9996E-02  5.2929E+01 -2.0952E+00
  1.5889E+02  2.0605E-02  5.3705E+01 -1.9738E+00
  1.5907E+02  2.1155E-02  5.4598E+01 -1.8971E+00
  1.5926E+02  2.1599E-02  5.5545E+01 -1.7879E+00
  1.5945E+02  2.2116E-02  5.6476E+01 -1.5645E+00
  1.5963E+02  2.2749E-02  5.7360E+01 -1.2598E+00
  1.5982E+02  2.3408E-02  5.8209E+01 -9.7211E-01
  1.6001E+02  2.3972E-02  5.9024E+01 -7.4268E-01
  1.6020E+02  2.4209E-02  5.9773E+01 -5.4358E-01
  1.6038E+02  2.4162E-02  6.0438E+01 -3.6889E-01
  1.6057E+02  2.4202E-02  6.0994E+01 -2.7296E-01
  1.6076E+02  2.4474E-02  6.1461E+01 -2.9085E-01
  1.6095E+02  2.4825E-02  6.1921E+01 -3.5254E-01
  1.6113E+02  2.5096E-02  6.2385E+01 -3.9197E-01
  1.6132E+02  2.5286E-02  6.2794E+01 -4.5306E-01
  1.6151E+02  2.5310E-02  6.3058E+01 -5.7044E-01
  1.6169E+02  2.5133E-02  6.3096E+01 -6.9861E-01
  1.6188E+02  2.4886E-02  6.2828E+01 -7.7543E-01
  1.6207E+02  2.4730E-02  6.2261E+01 -7.8217E-01
  1.6226E+02  2.4475E-02  6.1513E+01 -7.3975E-01
  1.6244E+02  2.4172E-02  6.0765E+01 -7.4173E-01
  1.6263E+02  2.3922E-02  6.0160E+01 -8.6668E-01
  1.6282E+02  2.3607E-02  5.9755E+01 -1.0416E+00
  1.6300E+02  2.3212E-02  5.9576E+01 -1.1813E+00
  1.6319E+02  2.2668E-02  5.9515E+01 -1.2525E+00
  1.6337E+02  2.2082E-02  5.9386E+01 -1.3503E+00
  1.6354E+02  2.1535E-02  5.9029E+01 -1.5055E+00
  1.6372E+02  2.1159E-02  5.8336E+01 -1.5982E+00
  1.6390E+02  2.0796E-02  5.7345E+01 -1.5512E+00
  1.6406E+02  2.0357E-02  5.6228E+01 -1.3939E+00
  1.6423E+02  2.0141E-02  5.5095E+01 -1.1756E+00
  1.6440E+02  2.0074E-02  5.4110E+01 -9.8404E-01
  1.6457E+02  2.0009E-02  5.3353E+01 -8.9313E-01
  1.6474E+02  1.9817E-02  5.2797E+01 -8.7845E-01
  1.6491E+02  1.9416E-02  5.2383E+01 -8.6973E-01
  1.6507E+02  1.9077E-02  5.2019E+01 -8.5087E-01
  1.6524E+02  1.8935E-02  5.1644E+01 -8.8327E-01
  1.6541E+02  1.8636E-02  5.1233E+01 -1.0018E+00
  1.6558E+02  1.8237E-02  5.0752E+01 -1.1330E+00
  1.6575E+02  1.7659E-02  5.0209E+01 -1.1864E+00
  1.6591E+02  1.6916E-02  4.9652E+01 -1.1471E+00
  1.6608E+02  1.6234E-02  4.9105E+01 -1.0395E+00
  1.6625E+02  1.5717E-02  4.8582E+01 -9.0398E-01
  1.6642E+02  1.5457E-02  4.8087E+01 -7.8539E-01
  1.6659E+02  1.5564E-02  4.7593E+01 -7.3135E-01
  1.6675E+02  1.5639E-02  4.7070E+01 -7.5477E-01
  1.6692E+02  1.5504E-02  4.6512E+01 -8.0244E-01
  1.6709E+02  1.5415E-02  4.5947E+01 -8.1109E-01
  1.6726E+02  1.5751E-02  4.5407E+01 -7.7590E-01
  1.6743E+02  1.6220E-02  4.4945E+01 -7.5813E-01
  1.6759E+02  1.6573E-02  4.4595E+01 -7.4492E-01
  1.6776E+02  1.7025E-02  4.4377E+01 -7.0404E-01
  1.6793E+02  1.7476E-02  4.4285E+01 -6.3909E-01
  1.6810E+02  1.7832E-02  4.4288E+01 -5.5896E-01
  1.6827E+02  1.7860E-02  4.4341E+01 -4.4984E-01
  1.6844E+02  1.7545E-02  4.4382E+01 -2.9292E-01
  1.6860E+02  1.7305E-02  4.4413E+01 -6.9307E-02
  1.6877E+02  1.7357E-02  4.4457E+01  1.9115E-01
  1.6894E+02  1.7497E-02  4.4515E+01  4.2495E-01
  1.6911E+02  1.7341E-02  4.4600E+01  5.9979E-01
  1.6928E+02  1.6969E-02  4.4733E+01  7.0774E-01
  1.6944E+02  1.6601E-02  4.4931E+01  7.2671E-01
  1.6962E+02  1.6161E-02  4.5197E+01  6.7389E-01
  1.6980E+02  1.5707E-02  4.5490E+01  6.0015E-01
  1.6997E+02  1.5464E-02  4.5780E+01  5.3018E-01
  1.7015E+02  1.5603E-02  4.6053E+01  4.4080E-01
  1.7033E+02  1.6057E-02  4.6299E+01  3.0911E-01
  1.7050E+02  1.6624E-02  4.6493E+01  1.4710E-01
  1.7068E+02  1.7030E-02  4.6611E+01 -2.7036E-02
  1.7086E+02  1.7145E-02  4.6664E+01 -2.0364E-01
  1.7103E+02  1.7019E-02  4.6680E+01 -3.7672E-01
  1.7121E+02  1.6801E-02  4.6683E+01 -5.1935E-01
  1.7139E+02  1.6664E-02  4.6664E+01 -5.8206E-01
  1.7156E+02  1.6750E-02  4.6607E+01 -5.6353E-01
  1.7174E+02  1.7024E-02  4.6509E+01 -5.0300E-01
  1.7192E+02  1.7459E-02  4.6388E+01 -4.4940E-01
  1.7209E+02  1.7959E-02  4.6283E+01 -4.3430E-01
  1.7227E+02  1.8421E-02  4.6188E+01 -4.7398E-01
  1.7245E+02  1.8739E-02  4.6048E+01 -5.6829E-01
  1.7262E+02  1.8944E-02  4.5804E+01 -6.6554E-01
  1.7280E+02  1.9138E-02  4.5452E+01 -7.1856E-01
  1.7297E+02  1.9322E-02  4.5056E+01 -7.5943E-01
  1.7315E+02  1.9305E-02  4.4661E+01 -8.2063E-01
  1.7333E+02  1.9227E-02  4.4281E+01 -8.9188E-01
  1.7350E+02  1.9318E-02  4.3936E+01 -9.6319E-01
  1.7368E+02  1.9548E-02  4.3656E+01 -1.0266E+00
  1.7386E+02  1.9778E-02  4.3444E+01 -1.0688E+00
  1.7405E+02  1.9991E-02  4.3287E+01 -1.0860E+00
  1.7423E+02  2.0266E-02  4.3173E+01 -1.0866E+00
  1.7442E+02  2.0256E-02  4.3083E+01 -1.0888E+00
  1.7460E+02  1.9800E-02  4.3029E+01 -1.0859E+00
  1.7479E+02  1.9207E-02  4.3041E+01 -1.0579E+00
  1.7497E+02  1.8884E-02  4.3111E+01 -1.0224E+00
  1.7516E+02  1.8835E-02  4.3215E+01 -9.9828E-01
  1.7534E+02  1.8669E-02  4.3374E+01 -9.7233E-01
  1.7553E+02  1.8253E-02  4.3613E+01 -9.3319E-01
  1.7571E+02  1.7882E-02  4.3923E+01 -8.9708E-01
  1.7590E+02  1.7658E-02  4.4282E+01 -8.8691E-01
  1.7608E+02  1.7529E-02  4.4684E+01 -9.2172E-01
  1.7627E+02  1.7486E-02  4.5143E+01 -9.8571E-01
  1.7646E+02  1.7508E-02  4.5618E+01 -1.0512E+00
  1.7664E+02  1.7633E-02  4.6048E+01 -1.1011E+00
  1.7683E+02  1.8069E-02  4.6372E+01 -1.1206E+00
  1.7701E+02  1.8539E-02  4.6592E+01 -1.1214E+00
  1.7720E+02  1.8805E-02  4.6766E+01 -1.1155E+00
  1.7738E+02  1.8956E-02  4.6924E+01 -1.0837E+00
  1.7757E+02  1.8989E-02  4.7052E+01 -1.0128E+00
  1.7775E+02  1.9035E-02  4.7160E+01 -8.7962E-01
  1.7794E+02  1.9324E-02  4.7282E+01 -6.8604E-01
  1.7812E+02  1.9559E-02  4.7490E+01 -5.0414E-01
  1.7831E+02  1.9590E-02  4.7843E+01 -3.6865E-01
  1.7849E+02  1.9559E-02  4.8306E+01 -2.6653E-01
  1.7868E+02  1.9479E-02  4.8765E+01 -2.0004E-01
  1.7886E+02  1.9418E-02  4.9128E+01 -1.7861E-01
  1.7905E+02  1.9245E-02  4.9346E+01 -1.8253E-01
  1.7924E+02  1.8814E-02  4.9407E+01 -1.7980E-01
  1.7942E+02  1.8378E-02  4.9308E+01 -1.5878E-01
  1.7961E+02  1.7965E-02  4.9024E+01 -1.3612E-01
  1.7979E+02  1.7603E-02  4.8564E+01 -1.1187E-01
  1.7998E+02  1.7341E-02  4.8004E+01 -8.4855E-02
  1.8016E+02  1.7115E-02  4.7429E+01 -8.1395E-02
  1.8035E+02  1.6908E-02  4.6857E+01 -8.2039E-02
  1.8053E+02  1.6640E-02  4.6277E+01 -7.8765E-02
  1.8072E+02  1.6355E-02  4.5677E+01 -1.1459E-01
  1.8090E+02  1.6267E-02  4.5057E+01 -1.9482E-01
  1.8109E+02  1.6372E-02  4.4467E+01 -2.9370E-01
  1.8127E+02  1.6320E-02  4.3932E+01 -3.8645E-01
  1.8146E+02  1.5934E-02  4.3451E+01 -4.6904E-01
  1.8164E+02  1.5539E-02  4.3038E+01 -5.4687E-01
  1.8183E+02  1.5303E-02  4.2726E+01 -6.1195E-01
  1.8201E+02  1.5094E-02  4.2554E+01 -6.5722E-01
  1.8220E+02  1.5009E-02  4.2534E+01 -6.7792E-01
  1.8239E+02  1.5162E-02  4.2654E+01 -7.0718E-01
  1.8257E+02  1.5372E-02  4.2912E+01 -7.5605E-01
  1.8276E+02  1.5597E-02  4.3334E+01 -8.0427E-01
  1.8294E+02  1.5931E-02  4.3933E+01 -8.4365E-01
  1.8313E+02  1.6462E-02  4.4698E+01 -8.6191E-01
  1.8331E+02  1.6968E-02  4.5596E+01 -8.1661E-01
  1.8350E+02  1.7409E-02  4.6553E+01 -7.2639E-01
  1.8368E+02  1.7888E-02  4.7466E+01 -6.3875E-01
  1.8387E+02  1.8339E-02  4.8241E+01 -5.8741E-01
  1.8405E+02  1.8619E-02  4.8806E+01 -5.5043E-01
  1.8424E+02  1.8538E-02  4.9153E+01 -4.9585E-01
  1.8442E+02  1.8314E-02  4.9298E+01 -4.6261E-01
  1.8461E+02  1.8323E-02  4.9243E+01 -5.0181E-01
  1.8479E+02  1.8515E-02  4.9008E+01 -5.5600E-01
  1.8498E+02  1.8711E-02  4.8642E+01 -6.0986E-01
  1.8517E+02  1.8870E-02  4.8208E+01 -7.1012E-01
  1.8535E+02  1.8953E-02  4.7741E+01 -8.6822E-01
  1.8554E+02  1.8940E-02  4.7312E+01 -1.0436E+00
  1.8572E+02  1.8639E-02  4.7005E+01 -1.2056E+00
  1.8591E+02  1.8224E-02  4.6847E+01 -1.3314E+00
  1.8609E+02  1.7984E-02  4.6811E+01 -1.3855E+00
  1.8628E+02  1.7755E-02  4.6841E+01 -1.3664E+00
  1.8646E+02  1.7580E-02  4.6892E+01 -1.3160E+00
  1.8665E+02  1.7675E-02  4.6958E+01 -1.2717E+00
  1.8683E+02  1.7727E-02  4.7082E+01 -1.2356E+00
  1.8702E+02  1.7564E-02  4.7307E+01 -1.2336E+00
  1.8720E+02  1.7471E-02  4.7620E+01 -1.2698E+00
  1.8739E+02  1.7770E-02  4.8002E+01 -1.2936E+00
  1.8757E+02  1.8192E-02  4.8454E+01 -1.2507E+00
  1.8776E+02  1.8492E-02  4.8962E+01 -1.1274E+00
  1.8795E+02  1.8803E-02  4.9495E+01 -9.5668E-01
  1.8813E+02  1.9061E-02  5.0048E+01 -7.7577E-01
  1.8832E+02  1.9135E-02  5.0577E+01 -5.7475E-01
  1.8850E+02  1.9254E-02  5.1007E+01 -3.3380E-01
  1.8869E+02  1.9581E-02  5.1264E+01 -9.1750E-02
  1.8887E+02  1.9767E-02  5.1299E+01  1.0636E-01
  1.8906E+02  1.9676E-02  5.1091E+01  2.5996E-01
  1.8924E+02  1.9450E-02  5.0659E+01  4.0916E-01
  1.8943E+02  1.9186E-02  5.0076E+01  5.6009E-01
  1.8961E+02  1.8854E-02  4.9451E+01  6.8054E-01
  1.8980E+02  1.8607E-02  4.8862E+01  7.5179E-01
  1.8998E+02  1.8592E-02  4.8369E+01  7.8556E-01
  1.9017E+02  1.8892E-02  4.8014E+01  7.8310E-01
  1.9035E+02  1.9518E-02  4.7832E+01  7.6522E-01
  1.9054E+02  2.0125E-02  4.7897E+01  7.4056E-01
  1.9073E+02  2.0576E-02  4.8256E+01  7.2056E-01
  1.9091E+02  2.0873E-02  4.8849E+01  7.5547E-01
  1.9110E+02  2.0992E-02  4.9517E+01  8.5565E-01
  1.9128E+02  2.0828E-02  5.0074E+01  1.0250E+00
  1.9147E+02  2.0441E-02  5.0428E+01  1.2410E+00
  1.9165E+02  2.0377E-02  5.0593E+01  1.4470E+00
  1.9183E+02  2.0571E-02  5.0624E+01  1.6378E+00
  1.9200E+02  2.0718E-02  5.0542E+01  1.8446E+00
  1.9218E+02  2.0627E-02  5.0334E+01  2.0394E+00
  1.9235E+02  2.0224E-02  4.9972E+01  2.1940E+00
  1.9253E+02  1.9716E-02  4.9466E+01  2.3210E+00
  1.9271E+02  1.9221E-02  4.8897E+01  2.4218E+00
  1.9288E+02  1.8804E-02  4.8369E+01  2.4840E+00
  1.9306E+02  1.8764E-02  4.7926E+01  2.5091E+00
  1.9323E+02  1.9091E-02  4.7564E+01  2.4746E+00
  1.9341E+02  1.9236E-02  4.7277E+01  2.3557E+00
  1.9359E+02  1.8939E-02  4.7048E+01  2.1673E+00
  1.9376E+02  1.8390E-02  4.6878E+01  1.9506E+00
  1.9394E+02  1.7950E-02  4.6787E+01  1.7376E+00
  1.9411E+02  1.7568E-02  4.6786E+01  1.5674E+00
  1.9429E+02  1.7274E-02  4.6897E+01  1.4767E+00
  1.9447E+02  1.7060E-02  4.7104E+01  1.4712E+00
  1.9464E+02  1.6931E-02  4.7364E+01  1.4802E+00
  1.9482E+02  1.6782E-02  4.7615E+01  1.4485E+00
  1.9499E+02  1.6676E-02  4.7833E+01  1.3711E+00
  1.9517E+02  1.6745E-02  4.8023E+01  1.2775E+00
  1.9535E+02  1.6912E-02  4.8158E+01  1.2157E+00
  1.9552E+02  1.6979E-02  4.8208E+01  1.2015E+00
  1.9570E+02  1.6902E-02  4.8177E+01  1.2262E+00
  1.9587E+02  1.6813E-02  4.8105E+01  1.2542E+00
  1.9605E+02  1.6787E-02  4.8028E+01  1.2650E+00
  1.9623E+02  1.6658E-02  4.7947E+01  1.2544E+00
  1.9640E+02  1.6338E-02  4.7843E+01  1.2249E+00
  1.9658E+02  1.6133E-02  4.7688E+01  1.1423E+00
  1.9675E+02  1.6038E-02  4.7452E+01  1.0177E+00
  1.9693E+02  1.5874E-02  4.7145E+01  8.9943E-01
  1.9711E+02  1.5855E-02  4.6813E+01  7.9375E-01
  1.9728E+02  1.5911E-02  4.6492E+01  6.7679E-01
  1.9746E+02  1.5883E-02  4.6207E+01  5.4228E-01
  1.9763E+02  1.5795E-02  4.5984E+01  4.2060E-01
  1.9781E+02  1.5578E-02  4.5842E+01  3.1098E-01
  1.9799E+02  1.5197E-02  4.5813E+01  1.9576E-01
  1.9816E+02  1.4765E-02  4.5944E+01  8.1490E-02
  1.9834E+02  1.4565E-02  4.6262E+01  1.0760E-02
  1.9851E+02  1.4616E-02  4.6727E+01 -3.7770E-02
  1.9869E+02  1.4917E-02  4.7289E+01 -1.6592E-01
  1.9887E+02  1.5246E-02  4.7914E+01 -3.6158E-01
  1.9904E+02  1.5269E-02  4.8553E+01 -5.2765E-01
  1.9922E+02  1.5199E-02  4.9141E+01 -6.3162E-01
  1.9939E+02  1.5247E-02  4.9615E+01 -7.0025E-01
  1.9957E+02  1.5442E-02  4.9967E+01 -7.7913E-01
  1.9975E+02  1.5761E-02  5.0241E+01 -9.0817E-01
  1.9992E+02  1.6116E-02  5.0522E+01 -1.0787E+00
  2.0010E+02  1.6445E-02  5.0893E+01 -1.2556E+00
  2.0027E+02  1.6829E-02  5.1370E+01 -1.4025E+00
  2.0045E+02  1.7244E-02  5.1945E+01 -1.5118E+00
  2.0063E+02  1.7605E-02  5.2609E+01 -1.6195E+00
  2.0080E+02  1.7828E-02  5.3308E+01 -1.7204E+00
  2.0098E+02  1.7904E-02  5.3970E+01 -1.7917E+00
  2.0115E+02  1.7893E-02  5.4535E+01 -1.8314E+00
  2.0133E+02  1.7785E-02  5.5016E+01 -1.8207E+00
  2.0151E+02  1.7950E-02  5.5461E+01 -1.7361E+00
  2.0168E+02  1.8418E-02  5.5876E+01 -1.6105E+00
  2.0186E+02  1.8925E-02  5.6230E+01 -1.4983E+00
  2.0203E+02  1.9473E-02  5.6501E+01 -1.4242E+00
  2.0221E+02  2.0032E-02  5.6670E+01 -1.3778E+00
  2.0239E+02  2.0413E-02  5.6721E+01 -1.3597E+00
  2.0256E+02  2.0483E-02  5.6612E+01 -1.3974E+00
  2.0274E+02  2.0144E-02  5.6315E+01 -1.5076E+00
  2.0292E+02  1.9457E-02  5.5863E+01 -1.6568E+00
  2.0311E+02  1.8940E-02  5.5413E+01 -1.7915E+00
  2.0329E+02  1.8800E-02  5.5110E+01 -1.8654E+00
  2.0348E+02  1.8816E-02  5.4999E+01 -1.9003E+00
  2.0366E+02  1.9118E-02  5.5009E+01 -1.9362E+00
  2.0385E+02  1.9509E-02  5.5036E+01 -1.9528E+00
  2.0403E+02  1.9619E-02  5.4976E+01 -1.9920E+00
  2.0422E+02  1.9542E-02  5.4800E+01 -2.0759E+00
  2.0440E+02  1.9399E-02  5.4557E+01 -2.1270E+00
  2.0459E+02  1.9232E-02  5.4296E+01 -2.1234E+00
  2.0477E+02  1.9213E-02  5.4030E+01 -2.1185E+00
  2.0496E+02  1.9263E-02  5.3772E+01 -2.1117E+00
  2.0514E+02  1.9265E-02  5.3544E+01 -2.0489E+00
  2.0532E+02  1.9203E-02  5.3351E+01 -1.8869E+00
  2.0551E+02  1.9127E-02  5.3135E+01 -1.6337E+00
  2.0569E+02  1.9054E-02  5.2792E+01 -1.3275E+00
  2.0588E+02  1.8751E-02  5.2259E+01 -1.0164E+00
  2.0606E+02  1.8287E-02  5.1510E+01 -7.1876E-01
  2.0625E+02  1.7917E-02  5.0576E+01 -4.0419E-01
  2.0643E+02  1.7602E-02  4.9549E+01 -9.1131E-02
  2.0662E+02  1.7099E-02  4.8559E+01  1.2946E-01
  2.0680E+02  1.6661E-02  4.7709E+01  1.8168E-01
  2.0699E+02  1.6472E-02  4.7031E+01  8.5657E-02
  2.0717E+02  1.6334E-02  4.6525E+01 -8.5240E-02
  2.0736E+02  1.5938E-02  4.6119E+01 -2.5904E-01
  2.0754E+02  1.5447E-02  4.5752E+01 -3.9705E-01
  2.0773E+02  1.5370E-02  4.5439E+01 -4.9765E-01
  2.0791E+02  1.5465E-02  4.5190E+01 -6.0320E-01
  2.0810E+02  1.5377E-02  4.4975E+01 -7.3427E-01
  2.0828E+02  1.5161E-02  4.4758E+01 -8.7953E-01
  2.0847E+02  1.5061E-02  4.4513E+01 -1.0018E+00
  2.0865E+02  1.5131E-02  4.4261E+01 -1.0710E+00
  2.0884E+02  1.5398E-02  4.4075E+01 -1.1198E+00
  2.0902E+02  1.5729E-02  4.4037E+01 -1.1711E+00
  2.0921E+02  1.5856E-02  4.4192E+01 -1.2031E+00
  2.0939E+02  1.5859E-02  4.4542E+01 -1.1897E+00
  2.0958E+02  1.5920E-02  4.5043E+01 -1.1260E+00
  2.0976E+02  1.5987E-02  4.5610E+01 -1.0560E+00
  2.0995E+02  1.5866E-02  4.6175E+01 -1.0336E+00
  2.1013E+02  1.5837E-02  4.6753E+01 -1.0795E+00
  2.1031E+02  1.6051E-02  4.7357E+01 -1.1690E+00
  2.1050E+02  1.6202E-02  4.7974E+01 -1.2267E+00
  2.1068E+02  1.6185E-02  4.8558E+01 -1.2209E+00
  2.1087E+02  1.6405E-02  4.9081E+01 -1.1601E+00
  2.1105E+02  1.6777E-02  4.9587E+01 -1.0364E+00
  2.1124E+02  1.7021E-02  5.0096E+01 -8.7304E-01
  2.1142E+02  1.7163E-02  5.0600E+01 -7.0684E-01
  2.1161E+02  1.7307E-02  5.1105E+01 -5.3145E-01
  2.1179E+02  1.7333E-02  5.1603E+01 -3.6274E-01
  2.1198E+02  1.7339E-02  5.2070E+01 -2.1966E-01
  2.1216E+02  1.7616E-02  5.2513E+01 -1.7413E-01
  2.1235E+02  1.8038E-02  5.2958E+01 -2.8524E-01
  2.1253E+02  1.8442E-02  5.3408E+01 -5.1940E-01
  2.1272E+02  1.8524E-02  5.3850E+01 -7.8160E-01
  2.1290E+02  1.8415E-02  5.4207E+01 -9.8320E-01
  2.1309E+02  1.8364E-02  5.4375E+01 -1.1016E+00
  2.1327E+02  1.8624E-02  5.4223E+01 -1.1749E+00
  2.1346E+02  1.8988E-02  5.3643E+01 -1.1968E+00
  2.1364E+02  1.9204E-02  5.2669E+01 -1.2104E+00
  2.1383E+02  1.8939E-02  5.1464E+01 -1.2930E+00
  2.1401E+02  1.8356E-02  5.0192E+01 -1.4285E+00
  2.1420E+02  1.7767E-02  4.8962E+01 -1.5652E+00
  2.1438E+02  1.7330E-02  4.7871E+01 -1.6444E+00
  2.1457E+02  1.7133E-02  4.7102E+01 -1.5772E+00
  2.1475E+02  1.6820E-02  4.6794E+01 -1.3859E+00
  2.1493E+02  1.6457E-02  4.6903E+01 -1.1473E+00
  2.1512E+02  1.6139E-02  4.7242E+01 -9.1942E-01
  2.1530E+02  1.5952E-02  4.7608E+01 -7.0128E-01
  2.1549E+02  1.6151E-02  4.7910E+01 -4.5725E-01
  2.1567E+02  1.6487E-02  4.8116E+01 -2.1217E-01
  2.1586E+02  1.6857E-02  4.8186E+01  1.4408E-03
  2.1604E+02  1.7256E-02  4.8076E+01  1.4940E-01
  2.1623E+02  1.7687E-02  4.7785E+01  2.1422E-01
  2.1640E+02  1.7929E-02  4.7385E+01  2.2324E-01
  2.1658E+02  1.7996E-02  4.6930E+01  1.8316E-01
  2.1675E+02  1.7882E-02  4.6434E+01  1.0007E-01
  2.1693E+02  1.7806E-02  4.5914E+01  7.6922E-02
  2.1710E+02  1.7706E-02  4.5426E+01  1.9250E-01
  2.1728E+02  1.7314E-02  4.4997E+01  4.1566E-01
  2.1745E+02  1.7002E-02  4.4627E+01  6.7324E-01
  2.1763E+02  1.6967E-02  4.4320E+01  9.2932E-01
  2.1781E+02  1.7118E-02  4.4063E+01  1.1705E+00
  2.1798E+02  1.7027E-02  4.3864E+01  1.3708E+00
  2.1816E+02  1.6702E-02  4.3741E+01  1.5283E+00
  2.1833E+02  1.6622E-02  4.3717E+01  1.6734E+00
  2.1851E+02  1.6777E-02  4.3827E+01  1.8217E+00
  2.1868E+02  1.7048E-02  4.4058E+01  1.9447E+00
  2.1886E+02  1.7507E-02  4.4345E+01  2.0301E+00
  2.1903E+02  1.8109E-02  4.4634E+01  2.0522E+00
  2.1921E+02  1.8851E-02  4.4903E+01  1.9738E+00
  2.1938E+02  1.9533E-02  4.5155E+01  1.8111E+00
  2.1956E+02  1.9764E-02  4.5355E+01  1.6186E+00
  2.1973E+02  1.9590E-02  4.5450E+01  1.4382E+00
  2.1991E+02  1.9298E-02  4.5427E+01  1.3116E+00
  2.2009E+02  1.8937E-02  4.5338E+01  1.2330E+00
  2.2026E+02  1.8431E-02  4.5251E+01  1.1822E+00
  2.2044E+02  1.7978E-02  4.5210E+01  1.1665E+00
  2.2061E+02  1.7882E-02  4.5223E+01  1.1584E+00
  2.2079E+02  1.8069E-02  4.5302E+01  1.1120E+00
  2.2096E+02  1.8445E-02  4.5450E+01  1.0412E+00
  2.2114E+02  1.8972E-02  4.5656E+01  9.9814E-01
  2.2131E+02  1.9425E-02  4.5902E+01  1.0039E+00
  2.2149E+02  1.9822E-02  4.6161E+01  1.0190E+00
  2.2166E+02  2.0168E-02  4.6421E+01  9.8338E-01
  2.2184E+02  2.0478E-02  4.6689E+01  8.8223E-01
  2.2201E+02  2.0798E-02  4.6944E+01  7.5689E-01
  2.2219E+02  2.1199E-02  4.7152E+01  6.3531E-01
  2.2237E+02  2.1439E-02  4.7332E+01  4.9164E-01
  2.2254E+02  2.1457E-02  4.7517E+01  3.1738E-01
  2.2272E+02  2.1455E-02  4.7707E+01  1.4480E-01
  2.2289E+02  2.1531E-02  4.7886E+01 -3.9578E-03
  2.2307E+02  2.1481E-02  4.8069E+01 -1.0600E-01
  2.2324E+02  2.1199E-02  4.8257E+01 -1.7365E-01
  2.2342E+02  2.0826E-02  4.8469E+01 -2.4125E-01
  2.2359E+02  2.0526E-02  4.8774E+01 -3.3846E-01
  2.2377E+02  2.0534E-02  4.9194E+01 -4.7893E-01
  2.2394E+02  2.0791E-02  4.9685E+01 -6.2153E-01
  2.2412E+02  2.0988E-02  5.0171E+01 -7.4361E-01
  2.2429E+02  2.1120E-02  5.0596E+01 -8.7059E-01
  2.2447E+02  2.1307E-02  5.0940E+01 -9.9538E-01
  2.2464E+02  2.1353E-02  5.1201E+01 -1.0960E+00
  2.2482E+02  2.1085E-02  5.1387E+01 -1.1865E+00
  2.2500E+02  2.0622E-02  5.1488E+01 -1.2784E+00
  2.2517E+02  2.0169E-02  5.1489E+01 -1.3485E+00
  2.2535E+02  1.9882E-02  5.1398E+01 -1.3367E+00
  2.2552E+02  1.9776E-02  5.1219E+01 -1.2071E+00
  2.2570E+02  1.9869E-02  5.1013E+01 -9.9774E-01
  2.2587E+02  1.9932E-02  5.0855E+01 -7.4698E-01
  2.2605E+02  1.9835E-02  5.0760E+01 -4.8758E-01
  2.2622E+02  1.9715E-02  5.0732E+01 -2.7155E-01
  2.2640E+02  1.9639E-02  5.0805E+01 -1.1495E-01
  2.2657E+02  1.9491E-02  5.0966E+01 -1.0412E-02
  2.2675E+02  1.9521E-02  5.1110E+01  2.0254E-02
  2.2692E+02  1.9886E-02  5.1126E+01  1.9438E-03
  2.2710E+02  2.0192E-02  5.0971E+01 -3.2982E-02
  2.2728E+02  2.0138E-02  5.0642E+01 -1.0087E-01
  2.2745E+02  1.9812E-02  5.0171E+01 -1.9861E-01
  2.2763E+02  1.9439E-02  4.9555E+01 -3.0935E-01
  2.2780E+02  1.9148E-02  4.8780E+01 -3.9635E-01
  2.2798E+02  1.8677E-02  4.7883E+01 -4.1924E-01
  2.2815E+02  1.8072E-02  4.6917E+01 -3.9623E-01
  2.2833E+02  1.7776E-02  4.5994E+01 -3.8519E-01
  2.2850E+02  1.7607E-02  4.5213E+01 -4.2720E-01
  2.2868E+02  1.7354E-02  4.4606E+01 -4.9214E-01
  2.2885E+02  1.6987E-02  4.4176E+01 -5.4195E-01
  2.2903E+02  1.6622E-02  4.3911E+01 -5.3513E-01
  2.2920E+02  1.6444E-02  4.3793E+01 -4.6387E-01
  2.2938E+02  1.6522E-02  4.3783E+01 -3.3090E-01
  2.2956E+02  1.6745E-02  4.3838E+01 -1.6254E-01
  2.2973E+02  1.6937E-02  4.3948E+01 -6.2489E-03
  2.2991E+02  1.7013E-02  4.4103E+01  1.1894E-01
  2.3008E+02  1.6928E-02  4.4282E+01  2.1099E-01
  2.3026E+02  1.6684E-02  4.4475E+01  2.6191E-01
  2.3043E+02  1.6429E-02  4.4683E+01  2.9262E-01
  2.3061E+02  1.6469E-02  4.4901E+01  3.3834E-01
  2.3078E+02  1.6777E-02  4.5146E+01  4.0781E-01
  2.3096E+02  1.7121E-02  4.5428E+01  4.9553E-01
  2.3113E+02  1.7405E-02  4.5733E+01  6.0356E-01
  2.3131E+02  1.7597E-02  4.6037E+01  7.2967E-01
  2.3148E+02  1.7703E-02  4.6343E+01  8.6049E-01
  2.3166E+02  1.7720E-02  4.6693E+01  9.5818E-01
  2.3184E+02  1.7776E-02  4.7117E+01  9.7519E-01
  2.3201E+02  1.7836E-02  4.7598E+01  8.9783E-01
  2.3219E+02  1.7761E-02  4.8110E+01  7.6542E-01
  2.3236E+02  1.7671E-02  4.8629E+01  6.2388E-01
  2.3254E+02  1.7684E-02  4.9156E+01  4.8829E-01
  2.3271E+02  1.7724E-02  4.9693E+01  3.4875E-01
  2.3289E+02  1.7904E-02  5.0243E+01  2.2131E-01
  2.3306E+02  1.8164E-02  5.0828E+01  1.1166E-01
  2.3324E+02  1.8307E-02  5.1471E+01 -2.3586E-02
  2.3341E+02  1.8452E-02  5.2168E+01 -1.9082E-01
  2.3359E+02  1.8666E-02  5.2931E+01 -3.9658E-01
  2.3376E+02  1.8820E-02  5.3734E+01 -6.8013E-01
  2.3394E+02  1.9007E-02  5.4506E+01 -1.0401E+00
  2.3412E+02  1.9580E-02  5.5153E+01 -1.4328E+00
  2.3429E+02  2.0373E-02  5.5600E+01 -1.8219E+00
  2.3447E+02  2.1115E-02  5.5780E+01 -2.1767E+00
  2.3464E+02  2.1732E-02  5.5686E+01 -2.4325E+00
  2.3482E+02  2.2033E-02  5.5363E+01 -2.5354E+00
  2.3499E+02  2.1838E-02  5.4899E+01 -2.5004E+00
  2.3517E+02  2.1445E-02  5.4386E+01 -2.4234E+00
  2.3534E+02  2.1045E-02  5.3868E+01 -2.4126E+00
  2.3552E+02  2.0763E-02  5.3332E+01 -2.4697E+00
  2.3569E+02  2.0523E-02  5.2748E+01 -2.5630E+00
  2.3587E+02  2.0244E-02  5.2121E+01 -2.7239E+00
  2.3604E+02  2.0090E-02  5.1500E+01 -2.9316E+00
  2.3622E+02  1.9920E-02  5.0923E+01 -3.0802E+00
  2.3640E+02  1.9442E-02  5.0365E+01 -3.0868E+00
  2.3657E+02  1.8702E-02  4.9790E+01 -2.9753E+00
  2.3675E+02  1.8013E-02  4.9215E+01 -2.8329E+00
  2.3692E+02  1.7545E-02  4.8701E+01 -2.7122E+00
  2.3710E+02  1.7159E-02  4.8274E+01 -2.6208E+00
  2.3727E+02  1.6679E-02  4.7921E+01 -2.5505E+00
  2.3745E+02  1.6231E-02  4.7642E+01 -2.4943E+00
  2.3762E+02  1.6060E-02  4.7437E+01 -2.4446E+00
  2.3780E+02  1.6197E-02  4.7346E+01 -2.3938E+00
  2.3797E+02  1.6520E-02  4.7427E+01 -2.3415E+00
  2.3815E+02  1.6890E-02  4.7681E+01 -2.2828E+00
  2.3832E+02  1.7303E-02  4.8049E+01 -2.1927E+00
  2.3850E+02  1.7780E-02  4.8448E+01 -2.0525E+00
  2.3868E+02  1.8214E-02  4.8816E+01 -1.8818E+00
  2.3885E+02  1.8566E-02  4.9124E+01 -1.7277E+00
  2.3903E+02  1.8809E-02  4.9389E+01 -1.6033E+00
  2.3920E+02  1.8961E-02  4.9642E+01 -1.4858E+00
  2.3938E+02  1.9031E-02  4.9917E+01 -1.3510E+00
  2.3955E+02  1.9089E-02  5.0195E+01 -1.2046E+00
  2.3973E+02  1.9388E-02  5.0408E+01 -1.0531E+00
  2.3990E+02  1.9893E-02  5.0507E+01 -8.7572E-01
  2.4008E+02  2.0242E-02  5.0496E+01 -6.7923E-01
  2.4026E+02  2.0317E-02  5.0422E+01 -4.9704E-01
  2.4044E+02  2.0231E-02  5.0314E+01 -3.4262E-01
  2.4063E+02  2.0036E-02  5.0177E+01 -2.0450E-01
  2.4081E+02  2.0017E-02  4.9992E+01 -6.9337E-02
  2.4099E+02  2.0162E-02  4.9720E+01  2.6400E-02
  2.4118E+02  2.0169E-02  4.9323E+01  3.4639E-02
  2.4136E+02  1.9957E-02  4.8816E+01 -1.6920E-02
  2.4155E+02  1.9540E-02  4.8278E+01 -5.8237E-02
  2.4173E+02  1.9037E-02  4.7767E+01 -7.0122E-02
  2.4191E+02  1.8270E-02  4.7276E+01 -6.3390E-02
  2.4210E+02  1.7317E-02  4.6777E+01 -4.8046E-02
  2.4228E+02  1.6568E-02  4.6271E+01 -3.0941E-02
  2.4247E+02  1.6246E-02  4.5777E+01 -4.2733E-02
  2.4265E+02  1.6270E-02  4.5280E+01 -9.5519E-02
  2.4284E+02  1.6547E-02  4.4769E+01 -1.5536E-01
  2.4302E+02  1.6846E-02  4.4250E+01 -1.8716E-01
  2.4320E+02  1.6899E-02  4.3790E+01 -1.9297E-01
  2.4339E+02  1.6778E-02  4.3471E+01 -2.3023E-01
  2.4357E+02  1.6624E-02  4.3282E+01 -3.2799E-01
  2.4376E+02  1.6427E-02  4.3161E+01 -4.5249E-01
  2.4394E+02  1.6122E-02  4.3086E+01 -5.3903E-01
  2.4412E+02  1.5804E-02  4.3058E+01 -5.5777E-01
  2.4431E+02  1.5798E-02  4.3088E+01 -5.2300E-01
  2.4449E+02  1.6069E-02  4.3186E+01 -4.6572E-01
  2.4468E+02  1.6511E-02  4.3341E+01 -4.3558E-01
  2.4486E+02  1.7098E-02  4.3542E+01 -4.4844E-01
  2.4505E+02  1.7740E-02  4.3760E+01 -4.7657E-01
  2.4523E+02  1.8193E-02  4.3948E+01 -5.2677E-01
  2.4541E+02  1.8338E-02  4.4098E+01 -6.0734E-01
  2.4560E+02  1.8327E-02  4.4206E+01 -6.8918E-01
  2.4578E+02  1.8369E-02  4.4282E+01 -7.3841E-01
  2.4597E+02  1.8365E-02  4.4370E+01 -7.2442E-01
  2.4615E+02  1.8523E-02  4.4458E+01 -6.7689E-01
  2.4633E+02  1.8578E-02  4.4483E+01 -6.6794E-01
  2.4652E+02  1.8263E-02  4.4377E+01 -6.8343E-01
  2.4670E+02  1.7695E-02  4.4129E+01 -6.3897E-01
  2.4689E+02  1.7172E-02  4.3761E+01 -4.7669E-01
  2.4707E+02  1.6680E-02  4.3265E+01 -2.3275E-01
  2.4726E+02  1.6334E-02  4.2616E+01  1.5898E-02
  2.4744E+02  1.6218E-02  4.1797E+01  2.5195E-01
  2.4762E+02  1.5988E-02  4.0818E+01  4.6043E-01
  2.4781E+02  1.5545E-02  3.9763E+01  6.1439E-01
  2.4799E+02  1.4958E-02  3.8756E+01  7.2299E-01
  2.4818E+02  1.4473E-02  3.7862E+01  8.1610E-01
  2.4836E+02  1.4139E-02  3.7076E+01  8.9888E-01
  2.4854E+02  1.3789E-02  3.6421E+01  9.4582E-01
  2.4871E+02  1.3490E-02  3.5888E+01  9.4275E-01
  2.4888E+02  1.3251E-02  3.5522E+01  8.9947E-01
  2.4906E+02  1.2976E-02  3.5322E+01  8.3428E-01
  2.4923E+02  1.2641E-02  3.5279E+01  7.6824E-01
  2.4940E+02  1.2438E-02  3.5366E+01  7.1360E-01
  2.4958E+02  1.2461E-02  3.5531E+01  6.5273E-01
  2.4975E+02  1.2579E-02  3.5723E+01  5.8435E-01
  2.4993E+02  1.2659E-02  3.5888E+01  5.2819E-01
  2.5010E+02  1.2726E-02  3.5979E+01  4.8059E-01
  2.5027E+02  1.2842E-02  3.6003E+01  4.2434E-01
  2.5045E+02  1.2942E-02  3.6041E+01  3.5470E-01
  2.5062E+02  1.3078E-02  3.6165E+01  2.8104E-01
  2.5079E+02  1.3309E-02  3.6406E+01  2.2778E-01
  2.5097E+02  1.3617E-02  3.6752E+01  2.1644E-01
  2.5114E+02  1.3999E-02  3.7175E+01  2.2165E-01
  2.5132E+02  1.4366E-02  3.7653E+01  2.2578E-01
  2.5149E+02  1.4678E-02  3.8176E+01  2.0858E-01
  2.5166E+02  1.5060E-02  3.8755E+01  1.5876E-01
  2.5184E+02  1.5452E-02  3.9393E+01  8.2974E-02
  2.5201E+02  1.5739E-02  4.0085E+01 -8.9188E-04
  2.5219E+02  1.6016E-02  4.0786E+01 -7.8841E-02
  2.5236E+02  1.6399E-02  4.1429E+01 -1.4832E-01
  2.5253E+02  1.6773E-02  4.1993E+01 -2.0007E-01
  2.5271E+02  1.6953E-02  4.2484E+01 -2.1104E-01
  2.5290E+02  1.6907E-02  4.2837E+01 -1.8537E-01
  2.5308E+02  1.6786E-02  4.3018E+01 -1.4790E-01
  2.5326E+02  1.6632E-02  4.3030E+01 -1.1384E-01
  2.5344E+02  1.6476E-02  4.2880E+01 -9.0982E-02
  2.5363E+02  1.6307E-02  4.2548E+01 -1.0246E-01
  2.5381E+02  1.6243E-02  4.1998E+01 -1.6160E-01
  2.5399E+02  1.6268E-02  4.1204E+01 -2.5323E-01
  2.5417E+02  1.6117E-02  4.0224E+01 -3.3441E-01
  2.5436E+02  1.5612E-02  3.9195E+01 -3.7193E-01
  2.5455E+02  1.4981E-02  3.8193E+01 -3.6480E-01
  2.5474E+02  1.4453E-02  3.7338E+01 -3.0157E-01
  2.5493E+02  1.4035E-02  3.6654E+01 -2.1102E-01
  2.5512E+02  1.3820E-02  3.6126E+01 -1.2172E-01
  2.5531E+02  1.3562E-02  3.5720E+01 -3.3625E-02
  2.5551E+02  1.3280E-02  3.5383E+01  4.4322E-02
  2.5570E+02  1.3051E-02  3.5079E+01  9.5557E-02
  2.5589E+02  1.2717E-02  3.4792E+01  1.3838E-01
  2.5608E+02  1.2352E-02  3.4527E+01  2.1580E-01
  2.5627E+02  1.2080E-02  3.4306E+01  3.2136E-01
  2.5646E+02  1.1883E-02  3.4145E+01  4.1186E-01
  2.5666E+02  1.1874E-02  3.4044E+01  4.3680E-01
  2.5685E+02  1.1920E-02  3.4014E+01  3.9438E-01
  2.5704E+02  1.1969E-02  3.4091E+01  3.3188E-01
  2.5723E+02  1.2042E-02  3.4289E+01  2.7890E-01
  2.5742E+02  1.1959E-02  3.4593E+01  2.7534E-01
  2.5761E+02  1.1945E-02  3.4970E+01  3.4356E-01
  2.5781E+02  1.2220E-02  3.5372E+01  4.5515E-01
  2.5800E+02  1.2525E-02  3.5769E+01  5.7137E-01
  2.5819E+02  1.2869E-02  3.6167E+01  6.8444E-01
  2.5838E+02  1.3305E-02  3.6578E+01  7.9074E-01
  2.5857E+02  1.3718E-02  3.6979E+01  8.6161E-01
  2.5876E+02  1.4203E-02  3.7316E+01  9.0087E-01
  2.5896E+02  1.4438E-02  3.7519E+01  9.3653E-01
  2.5915E+02  1.4226E-02  3.7543E+01  9.6256E-01
  2.5934E+02  1.3939E-02  3.7387E+01  9.4016E-01
  2.5953E+02  1.3823E-02  3.7069E+01  8.6755E-01
  2.5972E+02  1.3825E-02  3.6618E+01  8.0459E-01
  2.5991E+02  1.3920E-02  3.6099E+01  7.6322E-01
  2.6011E+02  1.4013E-02  3.5634E+01  7.1350E-01
  2.6030E+02  1.4251E-02  3.5327E+01  6.5346E-01
  2.6049E+02  1.4611E-02  3.5234E+01  6.0466E-01
  2.6068E+02  1.4714E-02  3.5327E+01  5.8848E-01
  2.6087E+02  1.4563E-02  3.5531E+01  6.0571E-01
  2.6106E+02  1.4438E-02  3.5804E+01  6.3187E-01
  2.6126E+02  1.4557E-02  3.6119E+01  6.3390E-01
  2.6145E+02  1.4933E-02  3.6450E+01  6.1602E-01
  2.6164E+02  1.5232E-02  3.6775E+01  6.0834E-01
  2.6183E+02  1.5395E-02  3.7077E+01  6.2014E-01
  2.6202E+02  1.5606E-02  3.7333E+01  6.5962E-01
  2.6221E+02  1.5805E-02  3.7528E+01  7.4600E-01
  2.6241E+02  1.5788E-02  3.7682E+01  8.8040E-01
  2.6260E+02  1.5646E-02  3.7816E+01  1.0310E+00
  2.6279E+02  1.5619E-02  3.7946E+01  1.1700E+00
  2.6298E+02  1.5771E-02  3.8082E+01  1.2696E+00
  2.6317E+02  1.6121E-02  3.8235E+01  1.3413E+00
  2.6336E+02  1.6534E-02  3.8440E+01  1.4019E+00
  2.6356E+02  1.6802E-02  3.8708E+01  1.4272E+00
  2.6375E+02  1.6727E-02  3.9013E+01  1.4098E+00
  2.6394E+02  1.6521E-02  3.9341E+01  1.3789E+00
  2.6413E+02  1.6619E-02  3.9669E+01  1.3713E+00
  2.6432E+02  1.6990E-02  3.9964E+01  1.4042E+00
  2.6451E+02  1.7144E-02  4.0235E+01  1.4701E+00
  2.6470E+02  1.7103E-02  4.0505E+01  1.5624E+00
  2.6488E+02  1.7239E-02  4.0798E+01  1.6687E+00
  2.6506E+02  1.7586E-02  4.1131E+01  1.7683E+00
  2.6525E+02  1.8072E-02  4.1502E+01  1.8256E+00
  2.6543E+02  1.8616E-02  4.1902E+01  1.8337E+00
  2.6561E+02  1.9053E-02  4.2304E+01  1.8182E+00
  2.6579E+02  1.9346E-02  4.2702E+01  1.7958E+00
  2.6597E+02  1.9475E-02  4.3095E+01  1.7839E+00
  2.6616E+02  1.9421E-02  4.3461E+01  1.7869E+00
  2.6634E+02  1.9341E-02  4.3772E+01  1.7444E+00
  2.6652E+02  1.9320E-02  4.4044E+01  1.6117E+00
  2.6670E+02  1.9156E-02  4.4328E+01  1.4058E+00
  2.6688E+02  1.8820E-02  4.4657E+01  1.1767E+00
  2.6706E+02  1.8519E-02  4.5011E+01  9.9408E-01
  2.6725E+02  1.8475E-02  4.5349E+01  9.1629E-01
  2.6743E+02  1.8683E-02  4.5641E+01  9.5111E-01
  2.6761E+02  1.9012E-02  4.5875E+01  1.0536E+00
  2.6779E+02  1.9373E-02  4.6046E+01  1.1731E+00
  2.6797E+02  1.9463E-02  4.6173E+01  1.3007E+00
  2.6816E+02  1.9195E-02  4.6277E+01  1.4493E+00
  2.6834E+02  1.8962E-02  4.6353E+01  1.6023E+00
  2.6852E+02  1.8903E-02  4.6391E+01  1.7259E+00
  2.6870E+02  1.8830E-02  4.6402E+01  1.8155E+00
  2.6888E+02  1.8703E-02  4.6413E+01  1.8830E+00
  2.6907E+02  1.8617E-02  4.6432E+01  1.9251E+00
  2.6925E+02  1.8546E-02  4.6413E+01  1.8916E+00
  2.6943E+02  1.8322E-02  4.6300E+01  1.7576E+00
  2.6961E+02  1.7917E-02  4.6067E+01  1.5871E+00
  2.6979E+02  1.7420E-02  4.5714E+01  1.4440E+00
  2.6998E+02  1.6862E-02  4.5276E+01  1.3257E+00
  2.7016E+02  1.6400E-02  4.4767E+01  1.1550E+00
  2.7034E+02  1.5957E-02  4.4190E+01  9.0387E-01
  2.7052E+02  1.5452E-02  4.3587E+01  6.2125E-01
  2.7070E+02  1.4981E-02  4.3019E+01  3.2660E-01
  2.7089E+02  1.4628E-02  4.2539E+01  2.7627E-02
  2.7107E+02  1.4417E-02  4.2189E+01 -2.4216E-01
  2.7124E+02  1.4285E-02  4.1981E+01 -4.4227E-01
  2.7141E+02  1.4339E-02  4.1883E+01 -5.9077E-01
  2.7158E+02  1.4669E-02  4.1875E+01 -7.1901E-01
  2.7176E+02  1.5157E-02  4.1929E+01 -8.2970E-01
  2.7193E+02  1.5630E-02  4.2002E+01 -9.2002E-01
  2.7210E+02  1.5809E-02  4.2034E+01 -9.8991E-01
  2.7228E+02  1.5557E-02  4.1987E+01 -1.0301E+00
  2.7245E+02  1.5150E-02  4.1864E+01 -1.0389E+00
  2.7262E+02  1.4827E-02  4.1697E+01 -1.0187E+00
  2.7279E+02  1.4600E-02  4.1511E+01 -9.7476E-01
  2.7297E+02  1.4557E-02  4.1301E+01 -9.2899E-01
  2.7314E+02  1.4683E-02  4.1037E+01 -8.8028E-01
  2.7331E+02  1.4838E-02  4.0719E+01 -8.1679E-01
  2.7349E+02  1.5001E-02  4.0364E+01 -7.3856E-01
  2.7367E+02  1.5309E-02  3.9970E+01 -6.6578E-01
  2.7385E+02  1.5723E-02  3.9540E+01 -6.2276E-01
  2.7403E+02  1.6021E-02  3.9060E+01 -5.9606E-01
  2.7421E+02  1.6054E-02  3.8540E+01 -5.8099E-01
  2.7439E+02  1.5993E-02  3.8003E+01 -5.8697E-01
  2.7457E+02  1.5784E-02  3.7503E+01 -6.0913E-01
  2.7476E+02  1.5344E-02  3.7102E+01 -6.2696E-01
  2.7494E+02  1.4857E-02  3.6819E+01 -6.5889E-01
  2.7512E+02  1.4437E-02  3.6640E+01 -7.1211E-01
  2.7530E+02  1.4073E-02  3.6567E+01 -7.6324E-01
  2.7548E+02  1.3834E-02  3.6621E+01 -7.9369E-01
  2.7566E+02  1.3861E-02  3.6808E+01 -7.8651E-01
  2.7584E+02  1.4104E-02  3.7124E+01 -7.5391E-01
  2.7603E+02  1.4438E-02  3.7550E+01 -7.4854E-01
  2.7621E+02  1.4737E-02  3.8051E+01 -7.8855E-01
  2.7639E+02  1.4972E-02  3.8597E+01 -8.3898E-01
  2.7657E+02  1.5258E-02  3.9195E+01 -8.7773E-01
  2.7675E+02  1.5524E-02  3.9854E+01 -8.9228E-01
  2.7694E+02  1.5602E-02  4.0596E+01 -8.5120E-01
  2.7713E+02  1.5557E-02  4.1446E+01 -7.5104E-01
  2.7732E+02  1.5622E-02  4.2380E+01 -6.2977E-01
  2.7751E+02  1.5932E-02  4.3388E+01 -5.5002E-01
  2.7770E+02  1.6477E-02  4.4459E+01 -5.3169E-01
  2.7789E+02  1.7128E-02  4.5544E+01 -5.2116E-01
  2.7808E+02  1.7779E-02  4.6576E+01 -4.7426E-01
  2.7827E+02  1.8374E-02  4.7512E+01 -4.1938E-01
  2.7846E+02  1.8791E-02  4.8367E+01 -3.9917E-01
  2.7865E+02  1.9147E-02  4.9213E+01 -4.3767E-01
  2.7884E+02  1.9625E-02  5.0086E+01 -5.1487E-01
  2.7903E+02  2.0231E-02  5.0950E+01 -5.9257E-01
  2.7922E+02  2.1032E-02  5.1759E+01 -6.5362E-01
  2.7941E+02  2.1802E-02  5.2522E+01 -6.8412E-01
  2.7960E+02  2.2389E-02  5.3226E+01 -6.7327E-01
  2.7979E+02  2.2895E-02  5.3855E+01 -6.2467E-01
  2.7998E+02  2.3333E-02  5.4455E+01 -5.6040E-01
  2.8017E+02  2.3637E-02  5.5112E+01 -5.1913E-01
  2.8037E+02  2.3922E-02  5.5905E+01 -5.2197E-01
  2.8056E+02  2.4459E-02  5.6864E+01 -5.5277E-01
  2.8075E+02  2.5131E-02  5.7958E+01 -6.0921E-01
  2.8094E+02  2.5915E-02  5.9155E+01 -7.0939E-01
  2.8113E+02  2.6944E-02  6.0443E+01 -8.6568E-01
  2.8132E+02  2.8112E-02  6.1788E+01 -1.0390E+00
  2.8150E+02  2.9308E-02  6.3128E+01 -1.1861E+00
  2.8168E+02  3.0210E-02  6.4418E+01 -1.3100E+00
  2.8186E+02  3.0784E-02  6.5694E+01 -1.4472E+00
  2.8204E+02  3.1083E-02  6.6945E+01 -1.5874E+00
  2.8223E+02  3.1299E-02  6.8198E+01 -1.6966E+00
  2.8241E+02  3.1558E-02  6.9464E+01 -1.7788E+00
  2.8259E+02  3.1743E-02  7.0706E+01 -1.8133E+00
  2.8277E+02  3.1648E-02  7.1863E+01 -1.7753E+00
  2.8295E+02  3.1286E-02  7.2851E+01 -1.7403E+00
  2.8313E+02  3.0899E-02  7.3542E+01 -1.7482E+00
  2.8331E+02  3.0664E-02  7.3823E+01 -1.7054E+00
  2.8349E+02  3.0419E-02  7.3681E+01 -1.5652E+00
  2.8367E+02  3.0063E-02  7.3198E+01 -1.3677E+00
  2.8385E+02  2.9672E-02  7.2416E+01 -1.1707E+00
  2.8403E+02  2.9274E-02  7.1290E+01 -9.8652E-01
  2.8421E+02  2.8650E-02  6.9717E+01 -8.1802E-01
  2.8439E+02  2.7285E-02  6.7696E+01 -7.0444E-01
  2.8457E+02  2.5561E-02  6.5421E+01 -6.6034E-01
  2.8475E+02  2.4173E-02  6.3148E+01 -6.2380E-01
  2.8493E+02  2.3245E-02  6.1000E+01 -4.9099E-01
  2.8511E+02  2.2528E-02  5.8960E+01 -2.8125E-01
  2.8529E+02  2.1889E-02  5.7080E+01 -4.4081E-02
  2.8547E+02  2.1209E-02  5.5413E+01  2.2519E-01
  2.8565E+02  2.0566E-02  5.3913E+01  4.6654E-01
  2.8583E+02  2.0091E-02  5.2549E+01  6.3365E-01
  2.8601E+02  1.9698E-02  5.1344E+01  7.7731E-01
  2.8619E+02  1.9252E-02  5.0283E+01  9.2031E-01
  2.8637E+02  1.8861E-02  4.9270E+01  1.0352E+00
  2.8655E+02  1.8321E-02  4.8226E+01  1.1135E+00
  2.8674E+02  1.7521E-02  4.7172E+01  1.1197E+00
  2.8692E+02  1.6852E-02  4.6178E+01  1.0904E+00
  2.8710E+02  1.6171E-02  4.5272E+01  1.0666E+00
  2.8728E+02  1.5427E-02  4.4462E+01  1.0421E+00
  2.8746E+02  1.4784E-02  4.3778E+01  1.0139E+00
  2.8764E+02  1.4252E-02  4.3286E+01  1.0057E+00
  2.8782E+02  1.4137E-02  4.2978E+01  1.0212E+00
  2.8800E+02  1.4312E-02  4.2790E+01  1.0244E+00
  2.8818E+02  1.4585E-02  4.2704E+01  1.0145E+00
  2.8836E+02  1.4755E-02  4.2690E+01  9.9722E-01
  2.8854E+02  1.4670E-02  4.2667E+01  9.7059E-01
  2.8872E+02  1.4386E-02  4.2601E+01  9.4980E-01
  2.8890E+02  1.4086E-02  4.2497E+01  9.3003E-01
  2.8908E+02  1.4064E-02  4.2345E+01  9.1977E-01
  2.8926E+02  1.4382E-02  4.2149E+01  9.5458E-01
  2.8944E+02  1.4761E-02  4.1954E+01  1.0031E+00
  2.8962E+02  1.4966E-02  4.1806E+01  9.8430E-01
  2.8980E+02  1.4911E-02  4.1731E+01  9.0181E-01
  2.8998E+02  1.4642E-02  4.1736E+01  8.0417E-01
  2.9016E+02  1.4628E-02  4.1829E+01  7.1536E-01
  2.9034E+02  1.5001E-02  4.1999E+01  6.3285E-01
  2.9052E+02  1.5541E-02  4.2217E+01  5.5056E-01
  2.9070E+02  1.5885E-02  4.2485E+01  4.6255E-01
  2.9088E+02  1.5871E-02  4.2776E+01  3.7098E-01
  2.9106E+02  1.5649E-02  4.3064E+01  2.8985E-01
  2.9125E+02  1.5437E-02  4.3340E+01  2.2043E-01
  2.9143E+02  1.5546E-02  4.3631E+01  1.5486E-01
  2.9161E+02  1.5949E-02  4.4036E+01  1.0017E-01
  2.9179E+02  1.6344E-02  4.4634E+01  6.6940E-02
  2.9197E+02  1.6515E-02  4.5416E+01  6.8701E-02
  2.9215E+02  1.6849E-02  4.6304E+01  1.0512E-01
  2.9233E+02  1.7338E-02  4.7199E+01  1.3375E-01
  2.9251E+02  1.7833E-02  4.8048E+01  1.4318E-01
  2.9269E+02  1.8354E-02  4.8813E+01  1.5408E-01
  2.9287E+02  1.8794E-02  4.9451E+01  1.9775E-01
  2.9305E+02  1.9207E-02  4.9939E+01  2.9657E-01
  2.9323E+02  1.9725E-02  5.0254E+01  4.2997E-01
  2.9341E+02  2.0209E-02  5.0358E+01  5.5006E-01
  2.9359E+02  2.0249E-02  5.0254E+01  6.0372E-01
  2.9377E+02  1.9764E-02  4.9992E+01  6.4791E-01
  2.9395E+02  1.9189E-02  4.9605E+01  7.5150E-01
  2.9413E+02  1.8706E-02  4.9117E+01  8.7921E-01
  2.9431E+02  1.8227E-02  4.8585E+01  9.9488E-01
  2.9449E+02  1.7712E-02  4.8123E+01  1.1215E+00
  2.9467E+02  1.7173E-02  4.7828E+01  1.2475E+00
  2.9485E+02  1.6653E-02  4.7707E+01  1.3255E+00
  2.9503E+02  1.6080E-02  4.7746E+01  1.3372E+00
  2.9521E+02  1.5603E-02  4.7913E+01  1.3254E+00
  2.9539E+02  1.5622E-02  4.8096E+01  1.2976E+00
  2.9557E+02  1.5945E-02  4.8159E+01  1.2505E+00
  2.9576E+02  1.6000E-02  4.8053E+01  1.1434E+00
  2.9594E+02  1.5608E-02  4.7797E+01  9.4753E-01
  2.9612E+02  1.4916E-02  4.7435E+01  7.0934E-01
  2.9630E+02  1.4292E-02  4.7039E+01  4.7245E-01
  2.9648E+02  1.4079E-02  4.6703E+01  2.4719E-01
  2.9666E+02  1.4128E-02  4.6482E+01  3.5374E-02
  2.9684E+02  1.4118E-02  4.6423E+01 -1.7762E-01
  2.9702E+02  1.4045E-02  4.6574E+01 -4.0550E-01
  2.9720E+02  1.3933E-02  4.6899E+01 -6.4140E-01
  2.9738E+02  1.4097E-02  4.7305E+01 -8.6066E-01
  2.9756E+02  1.4408E-02  4.7715E+01 -1.0570E+00
  2.9774E+02  1.4919E-02  4.8039E+01 -1.2381E+00
  2.9792E+02  1.5725E-02  4.8178E+01 -1.3562E+00
  2.9810E+02  1.6604E-02  4.8106E+01 -1.3952E+00
  2.9828E+02  1.7366E-02  4.7887E+01 -1.3223E+00
  2.9846E+02  1.7878E-02  4.7640E+01 -1.1539E+00
  2.9864E+02  1.8138E-02  4.7464E+01 -9.3870E-01
  2.9882E+02  1.8166E-02  4.7424E+01 -7.3853E-01
  2.9900E+02  1.8338E-02  4.7496E+01 -5.8702E-01
  2.9918E+02  1.8912E-02  4.7604E+01 -4.9743E-01
  2.9936E+02  1.9610E-02  4.7683E+01 -4.8309E-01
  2.9954E+02  1.9983E-02  4.7694E+01 -4.9579E-01
  2.9972E+02  2.0175E-02  4.7581E+01 -4.6071E-01
  2.9990E+02  2.0461E-02  4.7262E+01 -3.2471E-01
  3.0008E+02  2.0620E-02  4.6718E+01 -6.8593E-02
  3.0026E+02  2.0473E-02  4.6019E+01  2.6984E-01
  3.0045E+02  2.0155E-02  4.5270E+01  5.8727E-01
  3.0063E+02  2.0020E-02  4.4545E+01  8.3209E-01
  3.0081E+02  2.0014E-02  4.3878E+01  9.9400E-01
  3.0099E+02  1.9787E-02  4.3315E+01  1.0597E+00
  3.0117E+02  1.9306E-02  4.2930E+01  1.0461E+00
  3.0135E+02  1.8602E-02  4.2755E+01  9.8598E-01
  3.0153E+02  1.7862E-02  4.2738E+01  9.2020E-01
  3.0171E+02  1.7434E-02  4.2796E+01  8.4545E-01
  3.0189E+02  1.7427E-02  4.2861E+01  7.5370E-01
  3.0207E+02  1.7333E-02  4.2851E+01  6.7477E-01
  3.0225E+02  1.6838E-02  4.2671E+01  6.4222E-01
  3.0243E+02  1.6270E-02  4.2273E+01  6.6246E-01
  3.0261E+02  1.5757E-02  4.1721E+01  7.2765E-01
  3.0279E+02  1.5418E-02  4.1148E+01  8.1527E-01
  3.0297E+02  1.5214E-02  4.0699E+01  9.0583E-01
  3.0315E+02  1.5065E-02  4.0475E+01  9.8542E-01
  3.0333E+02  1.4997E-02  4.0478E+01  1.0476E+00
  3.0351E+02  1.4949E-02  4.0643E+01  1.1037E+00
  3.0369E+02  1.5143E-02  4.0908E+01  1.1567E+00
  3.0387E+02  1.5585E-02  4.1213E+01  1.2160E+00
  3.0405E+02  1.6040E-02  4.1502E+01  1.2953E+00
  3.0423E+02  1.6399E-02  4.1754E+01  1.3838E+00
  3.0442E+02  1.6471E-02  4.1981E+01  1.4547E+00
  3.0461E+02  1.6264E-02  4.2195E+01  1.4610E+00
  3.0480E+02  1.6174E-02  4.2424E+01  1.3861E+00
  3.0499E+02  1.6257E-02  4.2649E+01  1.2455E+00
  3.0518E+02  1.6265E-02  4.2849E+01  1.0721E+00
  3.0537E+02  1.6115E-02  4.3045E+01  8.6107E-01
  3.0556E+02  1.6012E-02  4.3223E+01  6.2313E-01
  3.0575E+02  1.6068E-02  4.3392E+01  4.1695E-01
  3.0594E+02  1.6282E-02  4.3577E+01  2.4854E-01
  3.0613E+02  1.6521E-02  4.3777E+01  8.5910E-02
  3.0632E+02  1.6534E-02  4.3974E+01 -8.5089E-02
  3.0651E+02  1.6478E-02  4.4147E+01 -2.4225E-01
  3.0670E+02  1.6513E-02  4.4299E+01 -3.5481E-01
  3.0689E+02  1.6469E-02  4.4451E+01 -4.1447E-01
  3.0708E+02  1.6396E-02  4.4619E+01 -4.3884E-01
  3.0727E+02  1.6533E-02  4.4841E+01 -4.3096E-01
  3.0745E+02  1.6746E-02  4.5156E+01 -3.9325E-01
  3.0764E+02  1.6798E-02  4.5580E+01 -3.4322E-01
  3.0783E+02  1.6799E-02  4.6077E+01 -3.0123E-01
  3.0802E+02  1.7105E-02  4.6594E+01 -2.5778E-01
  3.0821E+02  1.7680E-02  4.7100E+01 -1.9740E-01
  3.0840E+02  1.8180E-02  4.7590E+01 -1.2221E-01
  3.0859E+02  1.8522E-02  4.8103E+01 -3.2503E-02
  3.0878E+02  1.8947E-02  4.8682E+01  4.7642E-02
  3.0897E+02  1.9374E-02  4.9327E+01  7.8290E-02
  3.0916E+02  1.9765E-02  4.9987E+01  8.0707E-02
  3.0935E+02  2.0346E-02  5.0573E+01  8.6725E-02
  3.0954E+02  2.0956E-02  5.1016E+01  7.2510E-02
  3.0973E+02  2.1321E-02  5.1275E+01 -3.1948E-03
  3.0992E+02  2.1573E-02  5.1298E+01 -1.3215E-01
  3.1011E+02  2.1467E-02  5.1060E+01 -2.7643E-01
  3.1030E+02  2.0824E-02  5.0599E+01 -3.8645E-01
  3.1049E+02  2.0221E-02  5.0046E+01 -4.7390E-01
  3.1067E+02  1.9961E-02  4.9577E+01 -5.9073E-01
  3.1086E+02  1.9958E-02  4.9305E+01 -7.3648E-01
  3.1105E+02  1.9955E-02  4.9238E+01 -8.4703E-01
  3.1124E+02  1.9594E-02  4.9286E+01 -8.4166E-01
  3.1143E+02  1.9060E-02  4.9294E+01 -7.0590E-01
  3.1162E+02  1.8528E-02  4.9094E+01 -4.8000E-01
  3.1181E+02  1.7919E-02  4.8564E+01 -1.9003E-01
  3.1200E+02  1.7397E-02  4.7699E+01  1.2155E-01
  3.1219E+02  1.7042E-02  4.6609E+01  3.7868E-01
  3.1238E+02  1.6864E-02  4.5481E+01  5.3210E-01
  3.1257E+02  1.6777E-02  4.4508E+01  5.6638E-01
  3.1276E+02  1.6589E-02  4.3775E+01  4.8730E-01
  3.1295E+02  1.6151E-02  4.3232E+01  3.7548E-01
  3.1314E+02  1.5668E-02  4.2827E+01  2.8752E-01
  3.1333E+02  1.5347E-02  4.2527E+01  2.3745E-01
  3.1352E+02  1.5189E-02  4.2290E+01  2.1107E-01
  3.1371E+02  1.5117E-02  4.2078E+01  1.4730E-01
  3.1389E+02  1.5012E-02  4.1887E+01  2.5658E-02
  3.1408E+02  1.5012E-02  4.1737E+01 -1.3931E-01
  3.1427E+02  1.5101E-02  4.1630E+01 -3.4190E-01
  3.1446E+02  1.5213E-02  4.1485E+01 -5.4765E-01
  3.1465E+02  1.5316E-02  4.1227E+01 -7.1869E-01
  3.1484E+02  1.5172E-02  4.0903E+01 -8.4636E-01
  3.1503E+02  1.4988E-02  4.0573E+01 -9.6641E-01
  3.1522E+02  1.4909E-02  4.0299E+01 -1.1020E+00
  3.1541E+02  1.4757E-02  4.0147E+01 -1.2627E+00
  3.1560E+02  1.4546E-02  4.0140E+01 -1.4470E+00
  3.1579E+02  1.4417E-02  4.0265E+01 -1.6402E+00
  3.1598E+02  1.4328E-02  4.0494E+01 -1.8450E+00
  3.1617E+02  1.4342E-02  4.0817E+01 -2.0380E+00
  3.1636E+02  1.4438E-02  4.1233E+01 -2.1871E+00
  3.1655E+02  1.4644E-02  4.1701E+01 -2.2776E+00
  3.1674E+02  1.4943E-02  4.2119E+01 -2.2841E+00
  3.1693E+02  1.5250E-02  4.2346E+01 -2.1885E+00
  3.1711E+02  1.5458E-02  4.2300E+01 -2.0230E+00
  3.1730E+02  1.5315E-02  4.1996E+01 -1.8541E+00
  3.1749E+02  1.4928E-02  4.1540E+01 -1.7222E+00
  3.1768E+02  1.4682E-02  4.1050E+01 -1.6286E+00
  3.1787E+02  1.4652E-02  4.0599E+01 -1.5677E+00
  3.1806E+02  1.4570E-02  4.0210E+01 -1.5298E+00
  3.1825E+02  1.4335E-02  3.9891E+01 -1.4595E+00
  3.1844E+02  1.4074E-02  3.9695E+01 -1.3278E+00
  3.1863E+02  1.3831E-02  3.9649E+01 -1.1251E+00
  3.1882E+02  1.3763E-02  3.9714E+01 -8.6029E-01
  3.1901E+02  1.3785E-02  3.9851E+01 -5.8009E-01
  3.1920E+02  1.3812E-02  4.0039E+01 -3.4540E-01
  3.1939E+02  1.3947E-02  4.0271E+01 -1.9144E-01
  3.1958E+02  1.4135E-02  4.0534E+01 -1.1585E-01
  3.1977E+02  1.4259E-02  4.0803E+01 -8.7140E-02
  3.1996E+02  1.4434E-02  4.1062E+01 -5.3419E-02
  3.2015E+02  1.4687E-02  4.1309E+01  1.9924E-02
  3.2033E+02  1.4916E-02  4.1553E+01  8.6755E-02
  3.2052E+02  1.5267E-02  4.1803E+01  7.5921E-02
  3.2071E+02  1.5854E-02  4.2026E+01 -4.9519E-03
  3.2090E+02  1.6294E-02  4.2194E+01 -1.1212E-01
  3.2109E+02  1.6424E-02  4.2318E+01 -2.1529E-01
  3.2128E+02  1.6347E-02  4.2412E+01 -3.0189E-01
  3.2147E+02  1.6228E-02  4.2485E+01 -3.7572E-01
  3.2166E+02  1.6376E-02  4.2556E+01 -4.3056E-01
  3.2185E+02  1.6732E-02  4.2636E+01 -4.5577E-01
  3.2204E+02  1.7064E-02  4.2735E+01 -4.5259E-01
  3.2223E+02  1.7295E-02  4.2872E+01 -4.2745E-01
  3.2242E+02  1.7311E-02  4.3062E+01 -3.7785E-01
  3.2261E+02  1.7348E-02  4.3320E+01 -3.0317E-01
  3.2280E+02  1.7460E-02  4.3664E+01 -2.2926E-01
  3.2299E+02  1.7472E-02  4.4072E+01 -1.6781E-01
  3.2318E+02  1.7425E-02  4.4513E+01 -1.0707E-01
  3.2337E+02  1.7442E-02  4.4978E+01 -4.9394E-02
  3.2355E+02  1.7589E-02  4.5476E+01 -8.6763E-03
  3.2374E+02  1.7755E-02  4.6009E+01  2.7135E-02
  3.2393E+02  1.7787E-02  4.6565E+01  9.2051E-02
  3.2412E+02  1.7918E-02  4.7135E+01  2.1221E-01
  3.2431E+02  1.8183E-02  4.7730E+01  3.6239E-01
  3.2450E+02  1.8356E-02  4.8363E+01  4.8937E-01
  3.2469E+02  1.8512E-02  4.9057E+01  5.7021E-01
  3.2488E+02  1.8755E-02  4.9816E+01  6.2451E-01
  3.2507E+02  1.9043E-02  5.0619E+01  6.9876E-01
  3.2526E+02  1.9532E-02  5.1419E+01  8.3364E-01
  3.2545E+02  2.0270E-02  5.2172E+01  1.0092E+00
  3.2564E+02  2.1047E-02  5.2805E+01  1.1782E+00
  3.2583E+02  2.1564E-02  5.3199E+01  1.3066E+00
  3.2602E+02  2.1848E-02  5.3283E+01  1.4099E+00
  3.2621E+02  2.2019E-02  5.3087E+01  1.5367E+00
  3.2640E+02  2.1945E-02  5.2705E+01  1.7154E+00
  3.2659E+02  2.1709E-02  5.2303E+01  1.9635E+00
  3.2678E+02  2.1350E-02  5.1973E+01  2.2666E+00
  3.2696E+02  2.0955E-02  5.1675E+01  2.5397E+00
  3.2715E+02  2.0819E-02  5.1401E+01  2.6968E+00
  3.2734E+02  2.0904E-02  5.1216E+01  2.7101E+00
  3.2753E+02  2.1039E-02  5.1166E+01  2.6478E+00
  3.2771E+02  2.1088E-02  5.1225E+01  2.5728E+00
  3.2788E+02  2.1111E-02  5.1317E+01  2.4990E+00
  3.2806E+02  2.0987E-02  5.1403E+01  2.4217E+00
  3.2823E+02  2.0633E-02  5.1488E+01  2.3358E+00
  3.2840E+02  2.0258E-02  5.1566E+01  2.2284E+00
  3.2857E+02  2.0112E-02  5.1626E+01  2.1034E+00
  3.2874E+02  2.0275E-02  5.1675E+01  1.9478E+00
  3.2891E+02  2.0552E-02  5.1740E+01  1.7216E+00
  3.2908E+02  2.0803E-02  5.1814E+01  1.4415E+00
  3.2925E+02  2.0832E-02  5.1845E+01  1.2034E+00
  3.2942E+02  2.0649E-02  5.1816E+01  1.0578E+00
  3.2959E+02  2.0466E-02  5.1747E+01  9.6971E-01
  3.2976E+02  2.0402E-02  5.1669E+01  9.2682E-01
  3.2993E+02  2.0293E-02  5.1605E+01  9.5695E-01
  3.3010E+02  1.9835E-02  5.1566E+01  1.0590E+00
  3.3028E+02  1.9143E-02  5.1552E+01  1.1802E+00
  3.3045E+02  1.8477E-02  5.1536E+01  1.2714E+00
  3.3062E+02  1.7922E-02  5.1480E+01  1.3207E+00
  3.3079E+02  1.7571E-02  5.1346E+01  1.3604E+00
  3.3096E+02  1.7545E-02  5.1145E+01  1.4387E+00
  3.3113E+02  1.7912E-02  5.0953E+01  1.5647E+00
  3.3130E+02  1.8468E-02  5.0825E+01  1.6934E+00
  3.3147E+02  1.8853E-02  5.0768E+01  1.7947E+00
  3.3164E+02  1.9019E-02  5.0755E+01  1.8530E+00
  3.3182E+02  1.8884E-02  5.0731E+01  1.8770E+00
  3.3200E+02  1.8590E-02  5.0664E+01  1.9159E+00
  3.3218E+02  1.8432E-02  5.0563E+01  1.9698E+00
  3.3236E+02  1.8469E-02  5.0447E+01  1.9746E+00
  3.3254E+02  1.8474E-02  5.0282E+01  1.9158E+00
  3.3272E+02  1.8555E-02  5.0040E+01  1.8213E+00
  3.3290E+02  1.9007E-02  4.9733E+01  1.6955E+00
  3.3308E+02  1.9455E-02  4.9396E+01  1.5122E+00
  3.3326E+02  1.9354E-02  4.9108E+01  1.2867E+00
  3.3344E+02  1.8800E-02  4.8932E+01  1.0767E+00
  3.3361E+02  1.8197E-02  4.8899E+01  8.9436E-01
  3.3379E+02  1.7716E-02  4.8966E+01  7.1546E-01
  3.3397E+02  1.7478E-02  4.9027E+01  5.0858E-01
  3.3415E+02  1.7305E-02  4.8938E+01  2.5920E-01
  3.3433E+02  1.7015E-02  4.8558E+01 -1.0651E-03
  3.3451E+02  1.6593E-02  4.7832E+01 -2.1711E-01
  3.3469E+02  1.5984E-02  4.6924E+01 -3.8061E-01
  3.3487E+02  1.5463E-02  4.6126E+01 -5.4938E-01
  3.3505E+02  1.5110E-02  4.5609E+01 -7.4601E-01
  3.3523E+02  1.4800E-02  4.5300E+01 -9.1797E-01
  3.3541E+02  1.4581E-02  4.5083E+01 -1.0200E+00
  3.3559E+02  1.4327E-02  4.4886E+01 -1.0922E+00
  3.3577E+02  1.4007E-02  4.4657E+01 -1.1426E+00
  3.3595E+02  1.3636E-02  4.4349E+01 -1.1491E+00
  3.3612E+02  1.3323E-02  4.3986E+01 -1.1071E+00
  3.3630E+02  1.3148E-02  4.3609E+01 -1.0272E+00
  3.3648E+02  1.3025E-02  4.3228E+01 -9.0559E-01
  3.3666E+02  1.2924E-02  4.2864E+01 -7.6236E-01
  3.3684E+02  1.2929E-02  4.2539E+01 -6.4349E-01
  3.3702E+02  1.2938E-02  4.2256E+01 -5.3706E-01
  3.3720E+02  1.2741E-02  4.1997E+01 -4.0967E-01
  3.3738E+02  1.2399E-02  4.1746E+01 -2.5547E-01
  3.3756E+02  1.2089E-02  4.1490E+01 -6.8558E-02
  3.3774E+02  1.1848E-02  4.1240E+01  1.4352E-01
  3.3792E+02  1.1732E-02  4.1034E+01  3.6375E-01
  3.3810E+02  1.1770E-02  4.0942E+01  5.4614E-01
  3.3828E+02  1.1990E-02  4.0986E+01  6.8307E-01
  3.3845E+02  1.2419E-02  4.1113E+01  8.0364E-01
  3.3863E+02  1.3035E-02  4.1211E+01  9.0400E-01
  3.3881E+02  1.3647E-02  4.1159E+01  9.5723E-01
  3.3899E+02  1.3984E-02  4.0901E+01  9.4543E-01
  3.3917E+02  1.4008E-02  4.0449E+01  8.6956E-01
  3.3935E+02  1.3761E-02  3.9893E+01  7.4934E-01
  3.3953E+02  1.3391E-02  3.9383E+01  5.9385E-01
  3.3971E+02  1.3128E-02  3.9037E+01  4.3976E-01
  3.3989E+02  1.2946E-02  3.8902E+01  3.2509E-01
  3.4007E+02  1.2839E-02  3.8992E+01  2.4821E-01
  3.4025E+02  1.2909E-02  3.9302E+01  2.0052E-01
  3.4043E+02  1.3250E-02  3.9805E+01  1.7720E-01
  3.4061E+02  1.3709E-02  4.0451E+01  1.7051E-01
  3.4079E+02  1.4255E-02  4.1175E+01  1.7312E-01
  3.4096E+02  1.4765E-02  4.1937E+01  1.6749E-01
  3.4114E+02  1.5039E-02  4.2721E+01  1.4301E-01
  3.4132E+02  1.5233E-02  4.3506E+01  1.0957E-01
  3.4150E+02  1.5242E-02  4.4262E+01  9.2437E-02
  3.4168E+02  1.4999E-02  4.4953E+01  1.0964E-01
  3.4186E+02  1.4878E-02  4.5520E+01  1.6642E-01
  3.4204E+02  1.4888E-02  4.5921E+01  2.5364E-01
  3.4222E+02  1.4811E-02  4.6156E+01  3.1863E-01
  3.4240E+02  1.4762E-02  4.6253E+01  3.0532E-01
  3.4258E+02  1.4893E-02  4.6247E+01  2.2328E-01
  3.4276E+02  1.5181E-02  4.6179E+01  1.2835E-01
  3.4294E+02  1.5587E-02  4.6092E+01  7.4732E-02
  3.4312E+02  1.6030E-02  4.6032E+01  3.7217E-02
  3.4330E+02  1.6425E-02  4.5987E+01 -4.4719E-02
  3.4347E+02  1.6848E-02  4.5883E+01 -1.9376E-01
  3.4365E+02  1.7225E-02  4.5671E+01 -3.8229E-01
  3.4383E+02  1.7269E-02  4.5325E+01 -5.7595E-01
  3.4401E+02  1.7090E-02  4.4844E+01 -7.8101E-01
  3.4419E+02  1.7020E-02  4.4243E+01 -1.0036E+00
  3.4437E+02  1.7023E-02  4.3580E+01 -1.2140E+00
  3.4455E+02  1.6799E-02  4.2919E+01 -1.4008E+00
  3.4473E+02  1.6372E-02  4.2272E+01 -1.5748E+00
  3.4491E+02  1.6061E-02  4.1665E+01 -1.7419E+00
  3.4509E+02  1.5998E-02  4.1128E+01 -1.9007E+00
  3.4527E+02  1.5817E-02  4.0670E+01 -2.0383E+00
  3.4545E+02  1.5218E-02  4.0292E+01 -2.1290E+00
  3.4563E+02  1.4516E-02  4.0017E+01 -2.1745E+00
  3.4580E+02  1.4159E-02  3.9867E+01 -2.2029E+00
  3.4598E+02  1.4081E-02  3.9801E+01 -2.2445E+00
  3.4616E+02  1.3989E-02  3.9758E+01 -2.3185E+00
  3.4634E+02  1.3751E-02  3.9708E+01 -2.4030E+00
  3.4652E+02  1.3407E-02  3.9601E+01 -2.4529E+00
  3.4670E+02  1.3107E-02  3.9384E+01 -2.4775E+00
  3.4688E+02  1.2925E-02  3.9032E+01 -2.5129E+00
  3.4706E+02  1.2771E-02  3.8532E+01 -2.5690E+00
  3.4724E+02  1.2640E-02  3.7891E+01 -2.6273E+00
  3.4742E+02  1.2570E-02  3.7150E+01 -2.6659E+00
  3.4760E+02  1.2527E-02  3.6415E+01 -2.6661E+00
  3.4778E+02  1.2454E-02  3.5816E+01 -2.6301E+00
  3.4796E+02  1.2413E-02  3.5421E+01 -2.5674E+00
  3.4814E+02  1.2305E-02  3.5212E+01 -2.4877E+00
  3.4831E+02  1.2155E-02  3.5144E+01 -2.3915E+00
  3.4849E+02  1.2123E-02  3.5192E+01 -2.2699E+00
  3.4867E+02  1.2093E-02  3.5323E+01 -2.1124E+00
  3.4885E+02  1.1972E-02  3.5477E+01 -1.9118E+00
  3.4903E+02  1.1870E-02  3.5601E+01 -1.6703E+00
